monotonic_ns,wall_ns,python_gc_objects_collected_total,python_gc_objects_uncollectable_total,python_gc_collections_total,python_info,process_virtual_memory_bytes,process_resident_memory_bytes,process_start_time_seconds,process_cpu_seconds_total,process_open_fds,process_max_fds,vllm:estimated_flops_per_gpu_total,vllm:estimated_flops_per_gpu_created,vllm:estimated_read_bytes_per_gpu_total,vllm:estimated_read_bytes_per_gpu_created,vllm:estimated_write_bytes_per_gpu_total,vllm:estimated_write_bytes_per_gpu_created,vllm:num_requests_running,vllm:num_requests_waiting,vllm:num_requests_waiting_by_reason,vllm:engine_sleep_state,vllm:kv_cache_usage_perc,vllm:prefix_cache_queries_total,vllm:prefix_cache_queries_created,vllm:prefix_cache_hits_total,vllm:prefix_cache_hits_created,vllm:external_prefix_cache_queries_total,vllm:external_prefix_cache_queries_created,vllm:external_prefix_cache_hits_total,vllm:external_prefix_cache_hits_created,vllm:mm_cache_queries_total,vllm:mm_cache_queries_created,vllm:mm_cache_hits_total,vllm:mm_cache_hits_created,vllm:num_preemptions_total,vllm:num_preemptions_created,vllm:prompt_tokens_total,vllm:prompt_tokens_created,vllm:prompt_tokens_by_source_total,vllm:prompt_tokens_by_source_created,vllm:prompt_tokens_cached_total,vllm:prompt_tokens_cached_created,vllm:generation_tokens_total,vllm:generation_tokens_created,vllm:request_success_total,vllm:request_success_created,vllm:request_prompt_tokens_bucket,vllm:request_prompt_tokens_count,vllm:request_prompt_tokens_sum,vllm:request_prompt_tokens_created,vllm:request_generation_tokens_bucket,vllm:request_generation_tokens_count,vllm:request_generation_tokens_sum,vllm:request_generation_tokens_created,vllm:iteration_tokens_total_bucket,vllm:iteration_tokens_total_count,vllm:iteration_tokens_total_sum,vllm:iteration_tokens_total_created,vllm:request_max_num_generation_tokens_bucket,vllm:request_max_num_generation_tokens_count,vllm:request_max_num_generation_tokens_sum,vllm:request_max_num_generation_tokens_created,vllm:request_params_n_bucket,vllm:request_params_n_count,vllm:request_params_n_sum,vllm:request_params_n_created,vllm:request_params_max_tokens_bucket,vllm:request_params_max_tokens_count,vllm:request_params_max_tokens_sum,vllm:request_params_max_tokens_created,vllm:time_to_first_token_seconds_bucket,vllm:time_to_first_token_seconds_count,vllm:time_to_first_token_seconds_sum,vllm:time_to_first_token_seconds_created,vllm:inter_token_latency_seconds_bucket,vllm:inter_token_latency_seconds_count,vllm:inter_token_latency_seconds_sum,vllm:inter_token_latency_seconds_created,vllm:request_time_per_output_token_seconds_bucket,vllm:request_time_per_output_token_seconds_count,vllm:request_time_per_output_token_seconds_sum,vllm:request_time_per_output_token_seconds_created,vllm:e2e_request_latency_seconds_bucket,vllm:e2e_request_latency_seconds_count,vllm:e2e_request_latency_seconds_sum,vllm:e2e_request_latency_seconds_created,vllm:request_queue_time_seconds_bucket,vllm:request_queue_time_seconds_count,vllm:request_queue_time_seconds_sum,vllm:request_queue_time_seconds_created,vllm:request_inference_time_seconds_bucket,vllm:request_inference_time_seconds_count,vllm:request_inference_time_seconds_sum,vllm:request_inference_time_seconds_created,vllm:request_prefill_time_seconds_bucket,vllm:request_prefill_time_seconds_count,vllm:request_prefill_time_seconds_sum,vllm:request_prefill_time_seconds_created,vllm:request_decode_time_seconds_bucket,vllm:request_decode_time_seconds_count,vllm:request_decode_time_seconds_sum,vllm:request_decode_time_seconds_created,vllm:request_prefill_kv_computed_tokens_bucket,vllm:request_prefill_kv_computed_tokens_count,vllm:request_prefill_kv_computed_tokens_sum,vllm:request_prefill_kv_computed_tokens_created,vllm:cache_config_info,http_requests_total,http_requests_created,http_request_size_bytes_count,http_request_size_bytes_sum,http_request_size_bytes_created,http_response_size_bytes_count,http_response_size_bytes_sum,http_response_size_bytes_created,http_request_duration_highr_seconds_bucket,http_request_duration_highr_seconds_count,http_request_duration_highr_seconds_sum,http_request_duration_highr_seconds_created,http_request_duration_seconds_bucket,http_request_duration_seconds_count,http_request_duration_seconds_sum,http_request_duration_seconds_created,vllm:gpu_cache_usage_perc
913425713738,1788985028348944430,17765.0,0.0,2065.0,1.0,17024446464.0,1846308864.0,1788984670.17,30.160000000000004,62.0,1048576.0,0.0,1788984720.1228452,0.0,1788984720.122876,0.0,1788984720.1228964,0.0,0.0,0.0,1.0,0.0,1799110.0,1788984720.123118,442544.0,1788984720.1231363,1356566.0,1788984720.1231527,0.0,1788984720.1231701,0.0,1788984720.1231909,0.0,1788984720.12321,0.0,1788984720.1232266,1799110.0,1788984720.1232803,1799110.0,5366954160.369929,442544.0,1788984720.1233325,569.0,1788984720.12335,67.0,8944923600.616976,75.0,67.0,1799110.0,1788984720.1234593,949.0,67.0,569.0,1788984720.1235328,6520.0,530.0,1799679.0,1788984720.1235816,949.0,67.0,569.0,1788984720.1236355,402.0,67.0,67.0,1788984720.1236787,941.0,67.0,1551.0,1788984720.1237156,604.0,67.0,1134.2950987815857,1788984720.123771,9040.0,502.0,18.275638114000117,1788984720.1239083,1316.0,67.0,0.39394672000036735,1788984720.123963,923.0,67.0,1152.5649011135101,1788984720.1240208,1008.0,67.0,831.9197835000004,1788984720.124081,1050.0,67.0,296.6509348859994,1788984720.124134,1082.0,67.0,278.3752967719993,1788984720.1241984,1442.0,67.0,18.275638114000117,1788984720.1242516,199.0,67.0,1356566.0,1788984720.1243124,1.0,80.0,5366954195.928939,80.0,13445242.0,5366954195.929008,80.0,132244.0,5366954195.929079,718.0,80.0,1154.306199742,1788984720.2980843,145.0,80.0,1154.3061997420002,5366954195.929164,0.0
913934811084,1788985028858041365,17765.0,0.0,2065.0,1.0,17024446464.0,1846308864.0,1788984670.17,30.160000000000004,62.0,1048576.0,0.0,1788984720.1228452,0.0,1788984720.122876,0.0,1788984720.1228964,0.0,0.0,0.0,1.0,0.0,1799110.0,1788984720.123118,442544.0,1788984720.1231363,1356566.0,1788984720.1231527,0.0,1788984720.1231701,0.0,1788984720.1231909,0.0,1788984720.12321,0.0,1788984720.1232266,1799110.0,1788984720.1232803,1799110.0,5366954160.369929,442544.0,1788984720.1233325,569.0,1788984720.12335,67.0,8944923600.616976,75.0,67.0,1799110.0,1788984720.1234593,949.0,67.0,569.0,1788984720.1235328,6520.0,530.0,1799679.0,1788984720.1235816,949.0,67.0,569.0,1788984720.1236355,402.0,67.0,67.0,1788984720.1236787,941.0,67.0,1551.0,1788984720.1237156,604.0,67.0,1134.2950987815857,1788984720.123771,9040.0,502.0,18.275638114000117,1788984720.1239083,1316.0,67.0,0.39394672000036735,1788984720.123963,923.0,67.0,1152.5649011135101,1788984720.1240208,1008.0,67.0,831.9197835000004,1788984720.124081,1050.0,67.0,296.6509348859994,1788984720.124134,1082.0,67.0,278.3752967719993,1788984720.1241984,1442.0,67.0,18.275638114000117,1788984720.1242516,199.0,67.0,1356566.0,1788984720.1243124,1.0,80.0,5366954195.928939,80.0,13445242.0,5366954195.929008,80.0,132244.0,5366954195.929079,718.0,80.0,1154.306199742,1788984720.2980843,145.0,80.0,1154.3061997420002,5366954195.929164,0.0
914444219846,1788985029367450106,17765.0,0.0,2065.0,1.0,17024446464.0,1846308864.0,1788984670.17,30.17,62.0,1048576.0,0.0,1788984720.1228452,0.0,1788984720.122876,0.0,1788984720.1228964,0.0,0.0,0.0,1.0,0.0,1799110.0,1788984720.123118,442544.0,1788984720.1231363,1356566.0,1788984720.1231527,0.0,1788984720.1231701,0.0,1788984720.1231909,0.0,1788984720.12321,0.0,1788984720.1232266,1799110.0,1788984720.1232803,1799110.0,5366954160.369929,442544.0,1788984720.1233325,569.0,1788984720.12335,67.0,8944923600.616976,75.0,67.0,1799110.0,1788984720.1234593,949.0,67.0,569.0,1788984720.1235328,6520.0,530.0,1799679.0,1788984720.1235816,949.0,67.0,569.0,1788984720.1236355,402.0,67.0,67.0,1788984720.1236787,941.0,67.0,1551.0,1788984720.1237156,604.0,67.0,1134.2950987815857,1788984720.123771,9040.0,502.0,18.275638114000117,1788984720.1239083,1316.0,67.0,0.39394672000036735,1788984720.123963,923.0,67.0,1152.5649011135101,1788984720.1240208,1008.0,67.0,831.9197835000004,1788984720.124081,1050.0,67.0,296.6509348859994,1788984720.124134,1082.0,67.0,278.3752967719993,1788984720.1241984,1442.0,67.0,18.275638114000117,1788984720.1242516,199.0,67.0,1356566.0,1788984720.1243124,1.0,80.0,5366954195.928939,80.0,13445242.0,5366954195.929008,80.0,132244.0,5366954195.929079,718.0,80.0,1154.306199742,1788984720.2980843,145.0,80.0,1154.3061997420002,5366954195.929164,0.0
914953722073,1788985029876952635,17765.0,0.0,2065.0,1.0,17024446464.0,1846308864.0,1788984670.17,30.21,63.0,1048576.0,0.0,1788984720.1228452,0.0,1788984720.122876,0.0,1788984720.1228964,1.0,0.0,0.0,1.0,0.03201790747803013,1829994.0,1788984720.123118,473312.0,1788984720.1231363,1356682.0,1788984720.1231527,0.0,1788984720.1231701,0.0,1788984720.1231909,0.0,1788984720.12321,0.0,1788984720.1232266,1829994.0,1788984720.1232803,1829994.0,5366954160.369929,473312.0,1788984720.1233325,578.0,1788984720.12335,67.0,8944923600.616976,75.0,67.0,1799110.0,1788984720.1234593,949.0,67.0,569.0,1788984720.1235328,6633.0,539.0,1830572.0,1788984720.1235816,949.0,67.0,569.0,1788984720.1236355,402.0,67.0,67.0,1788984720.1236787,941.0,67.0,1551.0,1788984720.1237156,620.0,68.0,1134.3798520565033,1788984720.123771,9184.0,510.0,18.544566575000204,1788984720.1239083,1316.0,67.0,0.39394672000036735,1788984720.123963,923.0,67.0,1152.5649011135101,1788984720.1240208,1008.0,67.0,831.9197835000004,1788984720.124081,1050.0,67.0,296.6509348859994,1788984720.124134,1082.0,67.0,278.3752967719993,1788984720.1241984,1442.0,67.0,18.275638114000117,1788984720.1242516,199.0,67.0,1356566.0,1788984720.1243124,1.0,80.0,5366954195.928939,80.0,13445242.0,5366954195.929008,80.0,132244.0,5366954195.929079,718.0,80.0,1154.306199742,1788984720.2980843,145.0,80.0,1154.3061997420002,5366954195.929164,0.03201790747803013
915464096422,1788985030387326983,17765.0,0.0,2065.0,1.0,17024446464.0,1846308864.0,1788984670.17,30.28,65.0,1048576.0,0.0,1788984720.1228452,0.0,1788984720.122876,0.0,1788984720.1228964,2.0,0.0,0.0,1.0,0.0587630575360637,1883066.0,1788984720.123118,525744.0,1788984720.1231363,1357322.0,1788984720.1231527,0.0,1788984720.1231701,0.0,1788984720.1231909,0.0,1788984720.12321,0.0,1788984720.1232266,1883066.0,1788984720.1232803,1883066.0,5366954160.369929,525744.0,1788984720.1233325,600.0,1788984720.12335,68.0,8944923600.616976,76.0,68.0,1826410.0,1788984720.1234593,964.0,68.0,570.0,1788984720.1235328,6783.0,552.0,1883666.0,1788984720.1235816,964.0,68.0,570.0,1788984720.1236355,408.0,68.0,68.0,1788984720.1236787,956.0,68.0,1552.0,1788984720.1237156,651.0,70.0,1134.6319251060486,1788984720.123771,9540.0,530.0,19.360906954000143,1788984720.1239083,1336.0,68.0,0.39394672000036735,1788984720.123963,945.0,68.0,1152.7196011543274,1788984720.1240208,1030.0,68.0,831.9197892210004,1788984720.124081,1072.0,68.0,296.76700190499946,1788984720.124134,1104.0,68.0,278.49136379099934,1788984720.1241984,1464.0,68.0,18.275638114000117,1788984720.1242516,206.0,68.0,1357050.0,1788984720.1243124,1.0,81.0,5366954195.928939,81.0,13648940.0,5366954195.929008,81.0,132244.0,5366954195.929079,735.0,81.0,1154.487856187,1788984720.2980843,148.0,81.0,1154.4878561870003,5366954195.929164,0.0587630575360637
915973908131,1788985030897138342,17765.0,0.0,2066.0,1.0,17024446464.0,1846308864.0,1788984670.17,30.29,65.0,1048576.0,0.0,1788984720.1228452,0.0,1788984720.122876,0.0,1788984720.1228964,2.0,0.0,0.0,1.0,0.05879621953241587,1883066.0,1788984720.123118,525744.0,1788984720.1231363,1357322.0,1788984720.1231527,0.0,1788984720.1231701,0.0,1788984720.1231909,0.0,1788984720.12321,0.0,1788984720.1232266,1883066.0,1788984720.1232803,1883066.0,5366954160.369929,525744.0,1788984720.1233325,630.0,1788984720.12335,68.0,8944923600.616976,76.0,68.0,1826410.0,1788984720.1234593,964.0,68.0,570.0,1788984720.1235328,6978.0,567.0,1883696.0,1788984720.1235816,964.0,68.0,570.0,1788984720.1236355,408.0,68.0,68.0,1788984720.1236787,956.0,68.0,1552.0,1788984720.1237156,651.0,70.0,1134.6319251060486,1788984720.123771,10080.0,560.0,20.38905932,1788984720.1239083,1336.0,68.0,0.39394672000036735,1788984720.123963,945.0,68.0,1152.7196011543274,1788984720.1240208,1030.0,68.0,831.9197892210004,1788984720.124081,1072.0,68.0,296.76700190499946,1788984720.124134,1104.0,68.0,278.49136379099934,1788984720.1241984,1464.0,68.0,18.275638114000117,1788984720.1242516,206.0,68.0,1357050.0,1788984720.1243124,1.0,81.0,5366954195.928939,81.0,13648940.0,5366954195.929008,81.0,132244.0,5366954195.929079,735.0,81.0,1154.487856187,1788984720.2980843,148.0,81.0,1154.4878561870003,5366954195.929164,0.05879621953241587
916483522400,1788985031406752701,17765.0,0.0,2066.0,1.0,17024446464.0,1846308864.0,1788984670.17,30.32,65.0,1048576.0,0.0,1788984720.1228452,0.0,1788984720.122876,0.0,1788984720.1228964,1.0,0.0,0.0,1.0,0.05882938152876804,1883066.0,1788984720.123118,525744.0,1788984720.1231363,1357322.0,1788984720.1231527,0.0,1788984720.1231701,0.0,1788984720.1231909,0.0,1788984720.12321,0.0,1788984720.1232266,1883066.0,1788984720.1232803,1883066.0,5366954160.369929,525744.0,1788984720.1233325,660.0,1788984720.12335,69.0,8944923600.616976,77.0,69.0,1852182.0,1788984720.1234593,974.0,69.0,608.0,1788984720.1235328,7173.0,582.0,1883726.0,1788984720.1235816,974.0,69.0,608.0,1788984720.1236355,414.0,69.0,69.0,1788984720.1236787,966.0,69.0,1590.0,1788984720.1237156,651.0,70.0,1134.6319251060486,1788984720.123771,10620.0,590.0,21.398929450000082,1788984720.1239083,1354.0,69.0,0.4295309310273927,1788984720.123963,963.0,69.0,1154.1337430477142,1788984720.1240208,1052.0,69.0,831.9197949710004,1788984720.124081,1090.0,69.0,298.15817348699943,1788984720.124134,1126.0,69.0,278.5659195649994,1788984720.1241984,1482.0,69.0,19.592253922000054,1788984720.1242516,214.0,69.0,1357206.0,1788984720.1243124,1.0,82.0,5366954195.928939,82.0,13841032.0,5366954195.929008,82.0,132244.0,5366954195.929079,748.0,82.0,1155.906746511,1788984720.2980843,149.0,82.0,1155.9067465110002,5366954195.929164,0.05882938152876804
916992957030,1788985031916187412,17765.0,0.0,2066.0,1.0,17024446464.0,1846308864.0,1788984670.17,30.33,65.0,1048576.0,0.0,1788984720.1228452,0.0,1788984720.122876,0.0,1788984720.1228964,1.0,0.0,0.0,1.0,0.03208423147073458,1883066.0,1788984720.123118,525744.0,1788984720.1231363,1357322.0,1788984720.1231527,0.0,1788984720.1231701,0.0,1788984720.1231909,0.0,1788984720.12321,0.0,1788984720.1232266,1883066.0,1788984720.1232803,1883066.0,5366954160.369929,525744.0,1788984720.1233325,675.0,1788984720.12335,69.0,8944923600.616976,77.0,69.0,1852182.0,1788984720.1234593,974.0,69.0,608.0,1788984720.1235328,7383.0,597.0,1883741.0,1788984720.1235816,974.0,69.0,608.0,1788984720.1236355,414.0,69.0,69.0,1788984720.1236787,966.0,69.0,1590.0,1788984720.1237156,651.0,70.0,1134.6319251060486,1788984720.123771,10890.0,605.0,21.910708792000037,1788984720.1239083,1354.0,69.0,0.4295309310273927,1788984720.123963,963.0,69.0,1154.1337430477142,1788984720.1240208,1052.0,69.0,831.9197949710004,1788984720.124081,1090.0,69.0,298.15817348699943,1788984720.124134,1126.0,69.0,278.5659195649994,1788984720.1241984,1482.0,69.0,19.592253922000054,1788984720.1242516,214.0,69.0,1357206.0,1788984720.1243124,1.0,82.0,5366954195.928939,82.0,13841032.0,5366954195.929008,82.0,132244.0,5366954195.929079,748.0,82.0,1155.906746511,1788984720.2980843,149.0,82.0,1155.9067465110002,5366954195.929164,0.03208423147073458
917501596775,1788985032424826946,17765.0,0.0,2066.0,1.0,17024446464.0,1846308864.0,1788984670.17,30.34,65.0,1048576.0,0.0,1788984720.1228452,0.0,1788984720.122876,0.0,1788984720.1228964,1.0,0.0,0.0,1.0,0.03210081246891061,1883066.0,1788984720.123118,525744.0,1788984720.1231363,1357322.0,1788984720.1231527,0.0,1788984720.1231701,0.0,1788984720.1231909,0.0,1788984720.12321,0.0,1788984720.1232266,1883066.0,1788984720.1232803,1883066.0,5366954160.369929,525744.0,1788984720.1233325,690.0,1788984720.12335,69.0,8944923600.616976,77.0,69.0,1852182.0,1788984720.1234593,974.0,69.0,608.0,1788984720.1235328,7593.0,612.0,1883756.0,1788984720.1235816,974.0,69.0,608.0,1788984720.1236355,414.0,69.0,69.0,1788984720.1236787,966.0,69.0,1590.0,1788984720.1237156,651.0,70.0,1134.6319251060486,1788984720.123771,11160.0,620.0,22.418204013000036,1788984720.1239083,1354.0,69.0,0.4295309310273927,1788984720.123963,963.0,69.0,1154.1337430477142,1788984720.1240208,1052.0,69.0,831.9197949710004,1788984720.124081,1090.0,69.0,298.15817348699943,1788984720.124134,1126.0,69.0,278.5659195649994,1788984720.1241984,1482.0,69.0,19.592253922000054,1788984720.1242516,214.0,69.0,1357206.0,1788984720.1243124,1.0,82.0,5366954195.928939,82.0,13841032.0,5366954195.929008,82.0,132244.0,5366954195.929079,748.0,82.0,1155.906746511,1788984720.2980843,149.0,82.0,1155.9067465110002,5366954195.929164,0.03210081246891061
918010930195,1788985032934160316,17765.0,0.0,2066.0,1.0,17024446464.0,1846308864.0,1788984670.17,30.35,65.0,1048576.0,0.0,1788984720.1228452,0.0,1788984720.122876,0.0,1788984720.1228964,1.0,0.0,0.0,1.0,0.03211739346708675,1883066.0,1788984720.123118,525744.0,1788984720.1231363,1357322.0,1788984720.1231527,0.0,1788984720.1231701,0.0,1788984720.1231909,0.0,1788984720.12321,0.0,1788984720.1232266,1883066.0,1788984720.1232803,1883066.0,5366954160.369929,525744.0,1788984720.1233325,705.0,1788984720.12335,69.0,8944923600.616976,77.0,69.0,1852182.0,1788984720.1234593,974.0,69.0,608.0,1788984720.1235328,7803.0,627.0,1883771.0,1788984720.1235816,974.0,69.0,608.0,1788984720.1236355,414.0,69.0,69.0,1788984720.1236787,966.0,69.0,1590.0,1788984720.1237156,651.0,70.0,1134.6319251060486,1788984720.123771,11430.0,635.0,22.921846076000065,1788984720.1239083,1354.0,69.0,0.4295309310273927,1788984720.123963,963.0,69.0,1154.1337430477142,1788984720.1240208,1052.0,69.0,831.9197949710004,1788984720.124081,1090.0,69.0,298.15817348699943,1788984720.124134,1126.0,69.0,278.5659195649994,1788984720.1241984,1482.0,69.0,19.592253922000054,1788984720.1242516,214.0,69.0,1357206.0,1788984720.1243124,1.0,82.0,5366954195.928939,82.0,13841032.0,5366954195.929008,82.0,132244.0,5366954195.929079,748.0,82.0,1155.906746511,1788984720.2980843,149.0,82.0,1155.9067465110002,5366954195.929164,0.03211739346708675
918519602431,1788985033442832662,17765.0,0.0,2066.0,1.0,17024446464.0,1846308864.0,1788984670.17,30.369999999999997,65.0,1048576.0,0.0,1788984720.1228452,0.0,1788984720.122876,0.0,1788984720.1228964,1.0,0.0,0.0,1.0,0.03213397446526278,1883066.0,1788984720.123118,525744.0,1788984720.1231363,1357322.0,1788984720.1231527,0.0,1788984720.1231701,0.0,1788984720.1231909,0.0,1788984720.12321,0.0,1788984720.1232266,1883066.0,1788984720.1232803,1883066.0,5366954160.369929,525744.0,1788984720.1233325,720.0,1788984720.12335,69.0,8944923600.616976,77.0,69.0,1852182.0,1788984720.1234593,974.0,69.0,608.0,1788984720.1235328,8013.0,642.0,1883786.0,1788984720.1235816,974.0,69.0,608.0,1788984720.1236355,414.0,69.0,69.0,1788984720.1236787,966.0,69.0,1590.0,1788984720.1237156,651.0,70.0,1134.6319251060486,1788984720.123771,11700.0,650.0,23.421224848000065,1788984720.1239083,1354.0,69.0,0.4295309310273927,1788984720.123963,963.0,69.0,1154.1337430477142,1788984720.1240208,1052.0,69.0,831.9197949710004,1788984720.124081,1090.0,69.0,298.15817348699943,1788984720.124134,1126.0,69.0,278.5659195649994,1788984720.1241984,1482.0,69.0,19.592253922000054,1788984720.1242516,214.0,69.0,1357206.0,1788984720.1243124,1.0,82.0,5366954195.928939,82.0,13841032.0,5366954195.929008,82.0,132244.0,5366954195.929079,748.0,82.0,1155.906746511,1788984720.2980843,149.0,82.0,1155.9067465110002,5366954195.929164,0.03213397446526278
919029472621,1788985033952703103,17765.0,0.0,2066.0,1.0,17024446464.0,1846308864.0,1788984670.17,30.39,65.0,1048576.0,0.0,1788984720.1228452,0.0,1788984720.122876,0.0,1788984720.1228964,1.0,0.0,0.0,1.0,0.03215055546343892,1883066.0,1788984720.123118,525744.0,1788984720.1231363,1357322.0,1788984720.1231527,0.0,1788984720.1231701,0.0,1788984720.1231909,0.0,1788984720.12321,0.0,1788984720.1232266,1883066.0,1788984720.1232803,1883066.0,5366954160.369929,525744.0,1788984720.1233325,736.0,1788984720.12335,69.0,8944923600.616976,77.0,69.0,1852182.0,1788984720.1234593,974.0,69.0,608.0,1788984720.1235328,8237.0,658.0,1883802.0,1788984720.1235816,974.0,69.0,608.0,1788984720.1236355,414.0,69.0,69.0,1788984720.1236787,966.0,69.0,1590.0,1788984720.1237156,651.0,70.0,1134.6319251060486,1788984720.123771,11988.0,666.0,23.951825804000123,1788984720.1239083,1354.0,69.0,0.4295309310273927,1788984720.123963,963.0,69.0,1154.1337430477142,1788984720.1240208,1052.0,69.0,831.9197949710004,1788984720.124081,1090.0,69.0,298.15817348699943,1788984720.124134,1126.0,69.0,278.5659195649994,1788984720.1241984,1482.0,69.0,19.592253922000054,1788984720.1242516,214.0,69.0,1357206.0,1788984720.1243124,1.0,82.0,5366954195.928939,82.0,13841032.0,5366954195.929008,82.0,132244.0,5366954195.929079,748.0,82.0,1155.906746511,1788984720.2980843,149.0,82.0,1155.9067465110002,5366954195.929164,0.03215055546343892
919538030492,1788985034461260663,17765.0,0.0,2066.0,1.0,17024446464.0,1846308864.0,1788984670.17,30.4,65.0,1048576.0,0.0,1788984720.1228452,0.0,1788984720.122876,0.0,1788984720.1228964,1.0,0.0,0.0,1.0,0.032167136461614954,1883066.0,1788984720.123118,525744.0,1788984720.1231363,1357322.0,1788984720.1231527,0.0,1788984720.1231701,0.0,1788984720.1231909,0.0,1788984720.12321,0.0,1788984720.1232266,1883066.0,1788984720.1232803,1883066.0,5366954160.369929,525744.0,1788984720.1233325,751.0,1788984720.12335,69.0,8944923600.616976,77.0,69.0,1852182.0,1788984720.1234593,974.0,69.0,608.0,1788984720.1235328,8447.0,673.0,1883817.0,1788984720.1235816,974.0,69.0,608.0,1788984720.1236355,414.0,69.0,69.0,1788984720.1236787,966.0,69.0,1590.0,1788984720.1237156,651.0,70.0,1134.6319251060486,1788984720.123771,12258.0,681.0,24.454969138000138,1788984720.1239083,1354.0,69.0,0.4295309310273927,1788984720.123963,963.0,69.0,1154.1337430477142,1788984720.1240208,1052.0,69.0,831.9197949710004,1788984720.124081,1090.0,69.0,298.15817348699943,1788984720.124134,1126.0,69.0,278.5659195649994,1788984720.1241984,1482.0,69.0,19.592253922000054,1788984720.1242516,214.0,69.0,1357206.0,1788984720.1243124,1.0,82.0,5366954195.928939,82.0,13841032.0,5366954195.929008,82.0,132244.0,5366954195.929079,748.0,82.0,1155.906746511,1788984720.2980843,149.0,82.0,1155.9067465110002,5366954195.929164,0.032167136461614954
920047599648,1788985034970830320,17765.0,0.0,2066.0,1.0,17024446464.0,1846308864.0,1788984670.17,30.419999999999998,65.0,1048576.0,0.0,1788984720.1228452,0.0,1788984720.122876,0.0,1788984720.1228964,1.0,0.0,0.0,1.0,0.032183717459791095,1883066.0,1788984720.123118,525744.0,1788984720.1231363,1357322.0,1788984720.1231527,0.0,1788984720.1231701,0.0,1788984720.1231909,0.0,1788984720.12321,0.0,1788984720.1232266,1883066.0,1788984720.1232803,1883066.0,5366954160.369929,525744.0,1788984720.1233325,766.0,1788984720.12335,69.0,8944923600.616976,77.0,69.0,1852182.0,1788984720.1234593,974.0,69.0,608.0,1788984720.1235328,8657.0,688.0,1883832.0,1788984720.1235816,974.0,69.0,608.0,1788984720.1236355,414.0,69.0,69.0,1788984720.1236787,966.0,69.0,1590.0,1788984720.1237156,651.0,70.0,1134.6319251060486,1788984720.123771,12528.0,696.0,24.951221632000056,1788984720.1239083,1354.0,69.0,0.4295309310273927,1788984720.123963,963.0,69.0,1154.1337430477142,1788984720.1240208,1052.0,69.0,831.9197949710004,1788984720.124081,1090.0,69.0,298.15817348699943,1788984720.124134,1126.0,69.0,278.5659195649994,1788984720.1241984,1482.0,69.0,19.592253922000054,1788984720.1242516,214.0,69.0,1357206.0,1788984720.1243124,1.0,82.0,5366954195.928939,82.0,13841032.0,5366954195.929008,82.0,132244.0,5366954195.929079,748.0,82.0,1155.906746511,1788984720.2980843,149.0,82.0,1155.9067465110002,5366954195.929164,0.032183717459791095
920557370823,1788985035480601143,17765.0,0.0,2066.0,1.0,17024446464.0,1846308864.0,1788984670.17,30.43,64.0,1048576.0,0.0,1788984720.1228452,0.0,1788984720.122876,0.0,1788984720.1228964,1.0,0.0,0.0,1.0,0.032200298457967125,1883066.0,1788984720.123118,525744.0,1788984720.1231363,1357322.0,1788984720.1231527,0.0,1788984720.1231701,0.0,1788984720.1231909,0.0,1788984720.12321,0.0,1788984720.1232266,1883066.0,1788984720.1232803,1883066.0,5366954160.369929,525744.0,1788984720.1233325,781.0,1788984720.12335,69.0,8944923600.616976,77.0,69.0,1852182.0,1788984720.1234593,974.0,69.0,608.0,1788984720.1235328,8867.0,703.0,1883847.0,1788984720.1235816,974.0,69.0,608.0,1788984720.1236355,414.0,69.0,69.0,1788984720.1236787,966.0,69.0,1590.0,1788984720.1237156,651.0,70.0,1134.6319251060486,1788984720.123771,12798.0,711.0,25.451998966000133,1788984720.1239083,1354.0,69.0,0.4295309310273927,1788984720.123963,963.0,69.0,1154.1337430477142,1788984720.1240208,1052.0,69.0,831.9197949710004,1788984720.124081,1090.0,69.0,298.15817348699943,1788984720.124134,1126.0,69.0,278.5659195649994,1788984720.1241984,1482.0,69.0,19.592253922000054,1788984720.1242516,214.0,69.0,1357206.0,1788984720.1243124,1.0,82.0,5366954195.928939,82.0,13841032.0,5366954195.929008,82.0,132244.0,5366954195.929079,748.0,82.0,1155.906746511,1788984720.2980843,149.0,82.0,1155.9067465110002,5366954195.929164,0.032200298457967125
921067150343,1788985035990380694,17765.0,0.0,2066.0,1.0,17024446464.0,1846308864.0,1788984670.17,30.44,64.0,1048576.0,0.0,1788984720.1228452,0.0,1788984720.122876,0.0,1788984720.1228964,1.0,0.0,0.0,1.0,0.032216879456143266,1883066.0,1788984720.123118,525744.0,1788984720.1231363,1357322.0,1788984720.1231527,0.0,1788984720.1231701,0.0,1788984720.1231909,0.0,1788984720.12321,0.0,1788984720.1232266,1883066.0,1788984720.1232803,1883066.0,5366954160.369929,525744.0,1788984720.1233325,797.0,1788984720.12335,69.0,8944923600.616976,77.0,69.0,1852182.0,1788984720.1234593,974.0,69.0,608.0,1788984720.1235328,9091.0,719.0,1883863.0,1788984720.1235816,974.0,69.0,608.0,1788984720.1236355,414.0,69.0,69.0,1788984720.1236787,966.0,69.0,1590.0,1788984720.1237156,651.0,70.0,1134.6319251060486,1788984720.123771,13086.0,727.0,25.9840002520001,1788984720.1239083,1354.0,69.0,0.4295309310273927,1788984720.123963,963.0,69.0,1154.1337430477142,1788984720.1240208,1052.0,69.0,831.9197949710004,1788984720.124081,1090.0,69.0,298.15817348699943,1788984720.124134,1126.0,69.0,278.5659195649994,1788984720.1241984,1482.0,69.0,19.592253922000054,1788984720.1242516,214.0,69.0,1357206.0,1788984720.1243124,1.0,82.0,5366954195.928939,82.0,13841032.0,5366954195.929008,82.0,132244.0,5366954195.929079,748.0,82.0,1155.906746511,1788984720.2980843,149.0,82.0,1155.9067465110002,5366954195.929164,0.032216879456143266
921577047965,1788985036500278176,17765.0,0.0,2066.0,1.0,17024446464.0,1846308864.0,1788984670.17,30.45,63.0,1048576.0,0.0,1788984720.1228452,0.0,1788984720.122876,0.0,1788984720.1228964,1.0,0.0,0.0,1.0,0.032216879456143266,1883066.0,1788984720.123118,525744.0,1788984720.1231363,1357322.0,1788984720.1231527,0.0,1788984720.1231701,0.0,1788984720.1231909,0.0,1788984720.12321,0.0,1788984720.1232266,1883066.0,1788984720.1232803,1883066.0,5366954160.369929,525744.0,1788984720.1233325,812.0,1788984720.12335,69.0,8944923600.616976,77.0,69.0,1852182.0,1788984720.1234593,974.0,69.0,608.0,1788984720.1235328,9301.0,734.0,1883878.0,1788984720.1235816,974.0,69.0,608.0,1788984720.1236355,414.0,69.0,69.0,1788984720.1236787,966.0,69.0,1590.0,1788984720.1237156,651.0,70.0,1134.6319251060486,1788984720.123771,13356.0,742.0,26.482483902000126,1788984720.1239083,1354.0,69.0,0.4295309310273927,1788984720.123963,963.0,69.0,1154.1337430477142,1788984720.1240208,1052.0,69.0,831.9197949710004,1788984720.124081,1090.0,69.0,298.15817348699943,1788984720.124134,1126.0,69.0,278.5659195649994,1788984720.1241984,1482.0,69.0,19.592253922000054,1788984720.1242516,214.0,69.0,1357206.0,1788984720.1243124,1.0,82.0,5366954195.928939,82.0,13841032.0,5366954195.929008,82.0,132244.0,5366954195.929079,748.0,82.0,1155.906746511,1788984720.2980843,149.0,82.0,1155.9067465110002,5366954195.929164,0.032216879456143266
922086566555,1788985037009796846,17765.0,0.0,2066.0,1.0,17024446464.0,1846308864.0,1788984670.17,30.470000000000002,63.0,1048576.0,0.0,1788984720.1228452,0.0,1788984720.122876,0.0,1788984720.1228964,1.0,0.0,0.0,1.0,0.032233460454319296,1883066.0,1788984720.123118,525744.0,1788984720.1231363,1357322.0,1788984720.1231527,0.0,1788984720.1231701,0.0,1788984720.1231909,0.0,1788984720.12321,0.0,1788984720.1232266,1883066.0,1788984720.1232803,1883066.0,5366954160.369929,525744.0,1788984720.1233325,827.0,1788984720.12335,69.0,8944923600.616976,77.0,69.0,1852182.0,1788984720.1234593,974.0,69.0,608.0,1788984720.1235328,9511.0,749.0,1883893.0,1788984720.1235816,974.0,69.0,608.0,1788984720.1236355,414.0,69.0,69.0,1788984720.1236787,966.0,69.0,1590.0,1788984720.1237156,651.0,70.0,1134.6319251060486,1788984720.123771,13626.0,757.0,26.991035803000045,1788984720.1239083,1354.0,69.0,0.4295309310273927,1788984720.123963,963.0,69.0,1154.1337430477142,1788984720.1240208,1052.0,69.0,831.9197949710004,1788984720.124081,1090.0,69.0,298.15817348699943,1788984720.124134,1126.0,69.0,278.5659195649994,1788984720.1241984,1482.0,69.0,19.592253922000054,1788984720.1242516,214.0,69.0,1357206.0,1788984720.1243124,1.0,82.0,5366954195.928939,82.0,13841032.0,5366954195.929008,82.0,132244.0,5366954195.929079,748.0,82.0,1155.906746511,1788984720.2980843,149.0,82.0,1155.9067465110002,5366954195.929164,0.032233460454319296
922595351293,1788985037518581574,17765.0,0.0,2066.0,1.0,17024446464.0,1846308864.0,1788984670.17,30.49,63.0,1048576.0,0.0,1788984720.1228452,0.0,1788984720.122876,0.0,1788984720.1228964,1.0,0.0,0.0,1.0,0.03225004145249544,1883066.0,1788984720.123118,525744.0,1788984720.1231363,1357322.0,1788984720.1231527,0.0,1788984720.1231701,0.0,1788984720.1231909,0.0,1788984720.12321,0.0,1788984720.1232266,1883066.0,1788984720.1232803,1883066.0,5366954160.369929,525744.0,1788984720.1233325,842.0,1788984720.12335,69.0,8944923600.616976,77.0,69.0,1852182.0,1788984720.1234593,974.0,69.0,608.0,1788984720.1235328,9721.0,764.0,1883908.0,1788984720.1235816,974.0,69.0,608.0,1788984720.1236355,414.0,69.0,69.0,1788984720.1236787,966.0,69.0,1590.0,1788984720.1237156,651.0,70.0,1134.6319251060486,1788984720.123771,13896.0,772.0,27.49125649000007,1788984720.1239083,1354.0,69.0,0.4295309310273927,1788984720.123963,963.0,69.0,1154.1337430477142,1788984720.1240208,1052.0,69.0,831.9197949710004,1788984720.124081,1090.0,69.0,298.15817348699943,1788984720.124134,1126.0,69.0,278.5659195649994,1788984720.1241984,1482.0,69.0,19.592253922000054,1788984720.1242516,214.0,69.0,1357206.0,1788984720.1243124,1.0,82.0,5366954195.928939,82.0,13841032.0,5366954195.929008,82.0,132244.0,5366954195.929079,748.0,82.0,1155.906746511,1788984720.2980843,149.0,82.0,1155.9067465110002,5366954195.929164,0.03225004145249544
923104768041,1788985038027998462,17765.0,0.0,2066.0,1.0,17024446464.0,1846308864.0,1788984670.17,30.5,63.0,1048576.0,0.0,1788984720.1228452,0.0,1788984720.122876,0.0,1788984720.1228964,0.0,0.0,0.0,1.0,0.0,1883066.0,1788984720.123118,525744.0,1788984720.1231363,1357322.0,1788984720.1231527,0.0,1788984720.1231701,0.0,1788984720.1231909,0.0,1788984720.12321,0.0,1788984720.1232266,1883066.0,1788984720.1232803,1883066.0,5366954160.369929,525744.0,1788984720.1233325,858.0,1788984720.12335,70.0,8944923600.616976,78.0,70.0,1883066.0,1788984720.1234593,981.0,70.0,858.0,1788984720.1235328,9945.0,780.0,1883924.0,1788984720.1235816,981.0,70.0,858.0,1788984720.1236355,420.0,70.0,70.0,1788984720.1236787,973.0,70.0,1840.0,1788984720.1237156,651.0,70.0,1134.6319251060486,1788984720.123771,14186.0,788.0,27.988956465000115,1788984720.1239083,1372.0,70.0,0.4632526279872323,1788984720.123963,977.0,70.0,1162.6153383255005,1788984720.1240208,1074.0,70.0,831.9198117930005,1788984720.124081,1104.0,70.0,306.6297420669995,1788984720.124134,1148.0,70.0,278.64078560199937,1788984720.1241984,1496.0,70.0,27.988956465000115,1788984720.1242516,222.0,70.0,1357322.0,1788984720.1243124,1.0,83.0,5366954195.928939,83.0,14071231.0,5366954195.929008,83.0,132244.0,5366954195.929079,752.0,83.0,1164.393562737,1788984720.2980843,150.0,83.0,1164.3935627370001,5366954195.929164,0.0
923614219114,1788985038537449505,17765.0,0.0,2066.0,1.0,17024446464.0,1846308864.0,1788984670.17,30.509999999999998,63.0,1048576.0,0.0,1788984720.1228452,0.0,1788984720.122876,0.0,1788984720.1228964,0.0,0.0,0.0,1.0,0.0,1883066.0,1788984720.123118,525744.0,1788984720.1231363,1357322.0,1788984720.1231527,0.0,1788984720.1231701,0.0,1788984720.1231909,0.0,1788984720.12321,0.0,1788984720.1232266,1883066.0,1788984720.1232803,1883066.0,5366954160.369929,525744.0,1788984720.1233325,858.0,1788984720.12335,70.0,8944923600.616976,78.0,70.0,1883066.0,1788984720.1234593,981.0,70.0,858.0,1788984720.1235328,9945.0,780.0,1883924.0,1788984720.1235816,981.0,70.0,858.0,1788984720.1236355,420.0,70.0,70.0,1788984720.1236787,973.0,70.0,1840.0,1788984720.1237156,651.0,70.0,1134.6319251060486,1788984720.123771,14186.0,788.0,27.988956465000115,1788984720.1239083,1372.0,70.0,0.4632526279872323,1788984720.123963,977.0,70.0,1162.6153383255005,1788984720.1240208,1074.0,70.0,831.9198117930005,1788984720.124081,1104.0,70.0,306.6297420669995,1788984720.124134,1148.0,70.0,278.64078560199937,1788984720.1241984,1496.0,70.0,27.988956465000115,1788984720.1242516,222.0,70.0,1357322.0,1788984720.1243124,1.0,83.0,5366954195.928939,83.0,14071231.0,5366954195.929008,83.0,132244.0,5366954195.929079,752.0,83.0,1164.393562737,1788984720.2980843,150.0,83.0,1164.3935627370001,5366954195.929164,0.0
924123548617,1788985039046778838,17765.0,0.0,2066.0,1.0,17024446464.0,1846308864.0,1788984670.17,30.509999999999998,63.0,1048576.0,0.0,1788984720.1228452,0.0,1788984720.122876,0.0,1788984720.1228964,0.0,0.0,0.0,1.0,0.0,1883066.0,1788984720.123118,525744.0,1788984720.1231363,1357322.0,1788984720.1231527,0.0,1788984720.1231701,0.0,1788984720.1231909,0.0,1788984720.12321,0.0,1788984720.1232266,1883066.0,1788984720.1232803,1883066.0,5366954160.369929,525744.0,1788984720.1233325,858.0,1788984720.12335,70.0,8944923600.616976,78.0,70.0,1883066.0,1788984720.1234593,981.0,70.0,858.0,1788984720.1235328,9945.0,780.0,1883924.0,1788984720.1235816,981.0,70.0,858.0,1788984720.1236355,420.0,70.0,70.0,1788984720.1236787,973.0,70.0,1840.0,1788984720.1237156,651.0,70.0,1134.6319251060486,1788984720.123771,14186.0,788.0,27.988956465000115,1788984720.1239083,1372.0,70.0,0.4632526279872323,1788984720.123963,977.0,70.0,1162.6153383255005,1788984720.1240208,1074.0,70.0,831.9198117930005,1788984720.124081,1104.0,70.0,306.6297420669995,1788984720.124134,1148.0,70.0,278.64078560199937,1788984720.1241984,1496.0,70.0,27.988956465000115,1788984720.1242516,222.0,70.0,1357322.0,1788984720.1243124,1.0,83.0,5366954195.928939,83.0,14071231.0,5366954195.929008,83.0,132244.0,5366954195.929079,752.0,83.0,1164.393562737,1788984720.2980843,150.0,83.0,1164.3935627370001,5366954195.929164,0.0
924632891336,1788985039556121677,17765.0,0.0,2066.0,1.0,17024446464.0,1846308864.0,1788984670.17,30.52,63.0,1048576.0,0.0,1788984720.1228452,0.0,1788984720.122876,0.0,1788984720.1228964,0.0,0.0,0.0,1.0,0.0,1883066.0,1788984720.123118,525744.0,1788984720.1231363,1357322.0,1788984720.1231527,0.0,1788984720.1231701,0.0,1788984720.1231909,0.0,1788984720.12321,0.0,1788984720.1232266,1883066.0,1788984720.1232803,1883066.0,5366954160.369929,525744.0,1788984720.1233325,858.0,1788984720.12335,70.0,8944923600.616976,78.0,70.0,1883066.0,1788984720.1234593,981.0,70.0,858.0,1788984720.1235328,9945.0,780.0,1883924.0,1788984720.1235816,981.0,70.0,858.0,1788984720.1236355,420.0,70.0,70.0,1788984720.1236787,973.0,70.0,1840.0,1788984720.1237156,651.0,70.0,1134.6319251060486,1788984720.123771,14186.0,788.0,27.988956465000115,1788984720.1239083,1372.0,70.0,0.4632526279872323,1788984720.123963,977.0,70.0,1162.6153383255005,1788984720.1240208,1074.0,70.0,831.9198117930005,1788984720.124081,1104.0,70.0,306.6297420669995,1788984720.124134,1148.0,70.0,278.64078560199937,1788984720.1241984,1496.0,70.0,27.988956465000115,1788984720.1242516,222.0,70.0,1357322.0,1788984720.1243124,1.0,83.0,5366954195.928939,83.0,14071231.0,5366954195.929008,83.0,132244.0,5366954195.929079,752.0,83.0,1164.393562737,1788984720.2980843,150.0,83.0,1164.3935627370001,5366954195.929164,0.0
925143015504,1788985040066245785,17765.0,0.0,2066.0,1.0,17024446464.0,1846308864.0,1788984670.17,30.529999999999998,63.0,1048576.0,0.0,1788984720.1228452,0.0,1788984720.122876,0.0,1788984720.1228964,0.0,0.0,0.0,1.0,0.0,1883066.0,1788984720.123118,525744.0,1788984720.1231363,1357322.0,1788984720.1231527,0.0,1788984720.1231701,0.0,1788984720.1231909,0.0,1788984720.12321,0.0,1788984720.1232266,1883066.0,1788984720.1232803,1883066.0,5366954160.369929,525744.0,1788984720.1233325,858.0,1788984720.12335,70.0,8944923600.616976,78.0,70.0,1883066.0,1788984720.1234593,981.0,70.0,858.0,1788984720.1235328,9945.0,780.0,1883924.0,1788984720.1235816,981.0,70.0,858.0,1788984720.1236355,420.0,70.0,70.0,1788984720.1236787,973.0,70.0,1840.0,1788984720.1237156,651.0,70.0,1134.6319251060486,1788984720.123771,14186.0,788.0,27.988956465000115,1788984720.1239083,1372.0,70.0,0.4632526279872323,1788984720.123963,977.0,70.0,1162.6153383255005,1788984720.1240208,1074.0,70.0,831.9198117930005,1788984720.124081,1104.0,70.0,306.6297420669995,1788984720.124134,1148.0,70.0,278.64078560199937,1788984720.1241984,1496.0,70.0,27.988956465000115,1788984720.1242516,222.0,70.0,1357322.0,1788984720.1243124,1.0,83.0,5366954195.928939,83.0,14071231.0,5366954195.929008,83.0,132244.0,5366954195.929079,752.0,83.0,1164.393562737,1788984720.2980843,150.0,83.0,1164.3935627370001,5366954195.929164,0.0
925653688556,1788985040576918777,17765.0,0.0,2066.0,1.0,17024446464.0,1846308864.0,1788984670.17,30.529999999999998,63.0,1048576.0,0.0,1788984720.1228452,0.0,1788984720.122876,0.0,1788984720.1228964,0.0,0.0,0.0,1.0,0.0,1883066.0,1788984720.123118,525744.0,1788984720.1231363,1357322.0,1788984720.1231527,0.0,1788984720.1231701,0.0,1788984720.1231909,0.0,1788984720.12321,0.0,1788984720.1232266,1883066.0,1788984720.1232803,1883066.0,5366954160.369929,525744.0,1788984720.1233325,858.0,1788984720.12335,70.0,8944923600.616976,78.0,70.0,1883066.0,1788984720.1234593,981.0,70.0,858.0,1788984720.1235328,9945.0,780.0,1883924.0,1788984720.1235816,981.0,70.0,858.0,1788984720.1236355,420.0,70.0,70.0,1788984720.1236787,973.0,70.0,1840.0,1788984720.1237156,651.0,70.0,1134.6319251060486,1788984720.123771,14186.0,788.0,27.988956465000115,1788984720.1239083,1372.0,70.0,0.4632526279872323,1788984720.123963,977.0,70.0,1162.6153383255005,1788984720.1240208,1074.0,70.0,831.9198117930005,1788984720.124081,1104.0,70.0,306.6297420669995,1788984720.124134,1148.0,70.0,278.64078560199937,1788984720.1241984,1496.0,70.0,27.988956465000115,1788984720.1242516,222.0,70.0,1357322.0,1788984720.1243124,1.0,83.0,5366954195.928939,83.0,14071231.0,5366954195.929008,83.0,132244.0,5366954195.929079,752.0,83.0,1164.393562737,1788984720.2980843,150.0,83.0,1164.3935627370001,5366954195.929164,0.0
926163695745,1788985041086926086,17765.0,0.0,2066.0,1.0,17024446464.0,1846308864.0,1788984670.17,30.54,63.0,1048576.0,0.0,1788984720.1228452,0.0,1788984720.122876,0.0,1788984720.1228964,0.0,0.0,0.0,1.0,0.0,1883066.0,1788984720.123118,525744.0,1788984720.1231363,1357322.0,1788984720.1231527,0.0,1788984720.1231701,0.0,1788984720.1231909,0.0,1788984720.12321,0.0,1788984720.1232266,1883066.0,1788984720.1232803,1883066.0,5366954160.369929,525744.0,1788984720.1233325,858.0,1788984720.12335,70.0,8944923600.616976,78.0,70.0,1883066.0,1788984720.1234593,981.0,70.0,858.0,1788984720.1235328,9945.0,780.0,1883924.0,1788984720.1235816,981.0,70.0,858.0,1788984720.1236355,420.0,70.0,70.0,1788984720.1236787,973.0,70.0,1840.0,1788984720.1237156,651.0,70.0,1134.6319251060486,1788984720.123771,14186.0,788.0,27.988956465000115,1788984720.1239083,1372.0,70.0,0.4632526279872323,1788984720.123963,977.0,70.0,1162.6153383255005,1788984720.1240208,1074.0,70.0,831.9198117930005,1788984720.124081,1104.0,70.0,306.6297420669995,1788984720.124134,1148.0,70.0,278.64078560199937,1788984720.1241984,1496.0,70.0,27.988956465000115,1788984720.1242516,222.0,70.0,1357322.0,1788984720.1243124,1.0,83.0,5366954195.928939,83.0,14071231.0,5366954195.929008,83.0,132244.0,5366954195.929079,752.0,83.0,1164.393562737,1788984720.2980843,150.0,83.0,1164.3935627370001,5366954195.929164,0.0
926673691592,1788985041596921893,17765.0,0.0,2066.0,1.0,17024446464.0,1846308864.0,1788984670.17,30.54,63.0,1048576.0,0.0,1788984720.1228452,0.0,1788984720.122876,0.0,1788984720.1228964,0.0,0.0,0.0,1.0,0.0,1883066.0,1788984720.123118,525744.0,1788984720.1231363,1357322.0,1788984720.1231527,0.0,1788984720.1231701,0.0,1788984720.1231909,0.0,1788984720.12321,0.0,1788984720.1232266,1883066.0,1788984720.1232803,1883066.0,5366954160.369929,525744.0,1788984720.1233325,858.0,1788984720.12335,70.0,8944923600.616976,78.0,70.0,1883066.0,1788984720.1234593,981.0,70.0,858.0,1788984720.1235328,9945.0,780.0,1883924.0,1788984720.1235816,981.0,70.0,858.0,1788984720.1236355,420.0,70.0,70.0,1788984720.1236787,973.0,70.0,1840.0,1788984720.1237156,651.0,70.0,1134.6319251060486,1788984720.123771,14186.0,788.0,27.988956465000115,1788984720.1239083,1372.0,70.0,0.4632526279872323,1788984720.123963,977.0,70.0,1162.6153383255005,1788984720.1240208,1074.0,70.0,831.9198117930005,1788984720.124081,1104.0,70.0,306.6297420669995,1788984720.124134,1148.0,70.0,278.64078560199937,1788984720.1241984,1496.0,70.0,27.988956465000115,1788984720.1242516,222.0,70.0,1357322.0,1788984720.1243124,1.0,83.0,5366954195.928939,83.0,14071231.0,5366954195.929008,83.0,132244.0,5366954195.929079,752.0,83.0,1164.393562737,1788984720.2980843,150.0,83.0,1164.3935627370001,5366954195.929164,0.0
927183474829,1788985042106705200,17765.0,0.0,2066.0,1.0,17024446464.0,1846308864.0,1788984670.17,30.56,63.0,1048576.0,0.0,1788984720.1228452,0.0,1788984720.122876,0.0,1788984720.1228964,0.0,0.0,0.0,1.0,0.0,1883066.0,1788984720.123118,525744.0,1788984720.1231363,1357322.0,1788984720.1231527,0.0,1788984720.1231701,0.0,1788984720.1231909,0.0,1788984720.12321,0.0,1788984720.1232266,1883066.0,1788984720.1232803,1883066.0,5366954160.369929,525744.0,1788984720.1233325,858.0,1788984720.12335,70.0,8944923600.616976,78.0,70.0,1883066.0,1788984720.1234593,981.0,70.0,858.0,1788984720.1235328,9945.0,780.0,1883924.0,1788984720.1235816,981.0,70.0,858.0,1788984720.1236355,420.0,70.0,70.0,1788984720.1236787,973.0,70.0,1840.0,1788984720.1237156,651.0,70.0,1134.6319251060486,1788984720.123771,14186.0,788.0,27.988956465000115,1788984720.1239083,1372.0,70.0,0.4632526279872323,1788984720.123963,977.0,70.0,1162.6153383255005,1788984720.1240208,1074.0,70.0,831.9198117930005,1788984720.124081,1104.0,70.0,306.6297420669995,1788984720.124134,1148.0,70.0,278.64078560199937,1788984720.1241984,1496.0,70.0,27.988956465000115,1788984720.1242516,222.0,70.0,1357322.0,1788984720.1243124,1.0,83.0,5366954195.928939,83.0,14071231.0,5366954195.929008,83.0,132244.0,5366954195.929079,752.0,83.0,1164.393562737,1788984720.2980843,150.0,83.0,1164.3935627370001,5366954195.929164,0.0
927694108892,1788985042617339222,17765.0,0.0,2066.0,1.0,17024446464.0,1846308864.0,1788984670.17,30.59,63.0,1048576.0,0.0,1788984720.1228452,0.0,1788984720.122876,0.0,1788984720.1228964,0.0,0.0,0.0,1.0,0.0,1913819.0,1788984720.123118,556352.0,1788984720.1231363,1357467.0,1788984720.1231527,0.0,1788984720.1231701,0.0,1788984720.1231909,0.0,1788984720.12321,0.0,1788984720.1232266,1913819.0,1788984720.1232803,1913819.0,5366954160.369929,556352.0,1788984720.1233325,859.0,1788984720.12335,71.0,8944923600.616976,79.0,71.0,1913819.0,1788984720.1234593,996.0,71.0,859.0,1788984720.1235328,9946.0,781.0,1914678.0,1788984720.1235816,996.0,71.0,859.0,1788984720.1236355,426.0,71.0,71.0,1788984720.1236787,988.0,71.0,1841.0,1788984720.1237156,668.0,71.0,1134.6963138580322,1788984720.123771,14186.0,788.0,27.988956465000115,1788984720.1239083,1392.0,71.0,0.4632526279872323,1788984720.123963,999.0,71.0,1162.6797270774841,1788984720.1240208,1096.0,71.0,831.9198277530005,1788984720.124081,1126.0,71.0,306.6845184779995,1788984720.124134,1170.0,71.0,278.6955620129994,1788984720.1241984,1518.0,71.0,27.988956465000115,1788984720.1242516,230.0,71.0,1357467.0,1788984720.1243124,1.0,84.0,5366954195.928939,84.0,14300526.0,5366954195.929008,84.0,132244.0,5366954195.929079,770.0,84.0,1164.488012396,1788984720.2980843,154.0,84.0,1164.4880123960002,5366954195.929164,0.0
928203486421,1788985043126716602,17765.0,0.0,2066.0,1.0,17024446464.0,1846308864.0,1788984670.17,30.599999999999998,63.0,1048576.0,0.0,1788984720.1228452,0.0,1788984720.122876,0.0,1788984720.1228964,0.0,0.0,0.0,1.0,0.0,1913819.0,1788984720.123118,556352.0,1788984720.1231363,1357467.0,1788984720.1231527,0.0,1788984720.1231701,0.0,1788984720.1231909,0.0,1788984720.12321,0.0,1788984720.1232266,1913819.0,1788984720.1232803,1913819.0,5366954160.369929,556352.0,1788984720.1233325,859.0,1788984720.12335,71.0,8944923600.616976,79.0,71.0,1913819.0,1788984720.1234593,996.0,71.0,859.0,1788984720.1235328,9946.0,781.0,1914678.0,1788984720.1235816,996.0,71.0,859.0,1788984720.1236355,426.0,71.0,71.0,1788984720.1236787,988.0,71.0,1841.0,1788984720.1237156,668.0,71.0,1134.6963138580322,1788984720.123771,14186.0,788.0,27.988956465000115,1788984720.1239083,1392.0,71.0,0.4632526279872323,1788984720.123963,999.0,71.0,1162.6797270774841,1788984720.1240208,1096.0,71.0,831.9198277530005,1788984720.124081,1126.0,71.0,306.6845184779995,1788984720.124134,1170.0,71.0,278.6955620129994,1788984720.1241984,1518.0,71.0,27.988956465000115,1788984720.1242516,230.0,71.0,1357467.0,1788984720.1243124,1.0,84.0,5366954195.928939,84.0,14300526.0,5366954195.929008,84.0,132244.0,5366954195.929079,770.0,84.0,1164.488012396,1788984720.2980843,154.0,84.0,1164.4880123960002,5366954195.929164,0.0
928712806784,1788985043636037044,17765.0,0.0,2066.0,1.0,17024446464.0,1846308864.0,1788984670.17,30.599999999999998,63.0,1048576.0,0.0,1788984720.1228452,0.0,1788984720.122876,0.0,1788984720.1228964,0.0,0.0,0.0,1.0,0.0,1913819.0,1788984720.123118,556352.0,1788984720.1231363,1357467.0,1788984720.1231527,0.0,1788984720.1231701,0.0,1788984720.1231909,0.0,1788984720.12321,0.0,1788984720.1232266,1913819.0,1788984720.1232803,1913819.0,5366954160.369929,556352.0,1788984720.1233325,859.0,1788984720.12335,71.0,8944923600.616976,79.0,71.0,1913819.0,1788984720.1234593,996.0,71.0,859.0,1788984720.1235328,9946.0,781.0,1914678.0,1788984720.1235816,996.0,71.0,859.0,1788984720.1236355,426.0,71.0,71.0,1788984720.1236787,988.0,71.0,1841.0,1788984720.1237156,668.0,71.0,1134.6963138580322,1788984720.123771,14186.0,788.0,27.988956465000115,1788984720.1239083,1392.0,71.0,0.4632526279872323,1788984720.123963,999.0,71.0,1162.6797270774841,1788984720.1240208,1096.0,71.0,831.9198277530005,1788984720.124081,1126.0,71.0,306.6845184779995,1788984720.124134,1170.0,71.0,278.6955620129994,1788984720.1241984,1518.0,71.0,27.988956465000115,1788984720.1242516,230.0,71.0,1357467.0,1788984720.1243124,1.0,84.0,5366954195.928939,84.0,14300526.0,5366954195.929008,84.0,132244.0,5366954195.929079,770.0,84.0,1164.488012396,1788984720.2980843,154.0,84.0,1164.4880123960002,5366954195.929164,0.0
929222698370,1788985044145928631,17765.0,0.0,2066.0,1.0,17024446464.0,1846308864.0,1788984670.17,30.61,63.0,1048576.0,0.0,1788984720.1228452,0.0,1788984720.122876,0.0,1788984720.1228964,0.0,0.0,0.0,1.0,0.0,1913819.0,1788984720.123118,556352.0,1788984720.1231363,1357467.0,1788984720.1231527,0.0,1788984720.1231701,0.0,1788984720.1231909,0.0,1788984720.12321,0.0,1788984720.1232266,1913819.0,1788984720.1232803,1913819.0,5366954160.369929,556352.0,1788984720.1233325,859.0,1788984720.12335,71.0,8944923600.616976,79.0,71.0,1913819.0,1788984720.1234593,996.0,71.0,859.0,1788984720.1235328,9946.0,781.0,1914678.0,1788984720.1235816,996.0,71.0,859.0,1788984720.1236355,426.0,71.0,71.0,1788984720.1236787,988.0,71.0,1841.0,1788984720.1237156,668.0,71.0,1134.6963138580322,1788984720.123771,14186.0,788.0,27.988956465000115,1788984720.1239083,1392.0,71.0,0.4632526279872323,1788984720.123963,999.0,71.0,1162.6797270774841,1788984720.1240208,1096.0,71.0,831.9198277530005,1788984720.124081,1126.0,71.0,306.6845184779995,1788984720.124134,1170.0,71.0,278.6955620129994,1788984720.1241984,1518.0,71.0,27.988956465000115,1788984720.1242516,230.0,71.0,1357467.0,1788984720.1243124,1.0,84.0,5366954195.928939,84.0,14300526.0,5366954195.929008,84.0,132244.0,5366954195.929079,770.0,84.0,1164.488012396,1788984720.2980843,154.0,84.0,1164.4880123960002,5366954195.929164,0.0
929732101467,1788985044655334153,17765.0,0.0,2066.0,1.0,17024446464.0,1846308864.0,1788984670.17,30.61,63.0,1048576.0,0.0,1788984720.1228452,0.0,1788984720.122876,0.0,1788984720.1228964,0.0,0.0,0.0,1.0,0.0,1913819.0,1788984720.123118,556352.0,1788984720.1231363,1357467.0,1788984720.1231527,0.0,1788984720.1231701,0.0,1788984720.1231909,0.0,1788984720.12321,0.0,1788984720.1232266,1913819.0,1788984720.1232803,1913819.0,5366954160.369929,556352.0,1788984720.1233325,859.0,1788984720.12335,71.0,8944923600.616976,79.0,71.0,1913819.0,1788984720.1234593,996.0,71.0,859.0,1788984720.1235328,9946.0,781.0,1914678.0,1788984720.1235816,996.0,71.0,859.0,1788984720.1236355,426.0,71.0,71.0,1788984720.1236787,988.0,71.0,1841.0,1788984720.1237156,668.0,71.0,1134.6963138580322,1788984720.123771,14186.0,788.0,27.988956465000115,1788984720.1239083,1392.0,71.0,0.4632526279872323,1788984720.123963,999.0,71.0,1162.6797270774841,1788984720.1240208,1096.0,71.0,831.9198277530005,1788984720.124081,1126.0,71.0,306.6845184779995,1788984720.124134,1170.0,71.0,278.6955620129994,1788984720.1241984,1518.0,71.0,27.988956465000115,1788984720.1242516,230.0,71.0,1357467.0,1788984720.1243124,1.0,84.0,5366954195.928939,84.0,14300526.0,5366954195.929008,84.0,132244.0,5366954195.929079,770.0,84.0,1164.488012396,1788984720.2980843,154.0,84.0,1164.4880123960002,5366954195.929164,0.0
930241396091,1788985045164626513,17765.0,0.0,2066.0,1.0,17024446464.0,1846308864.0,1788984670.17,30.619999999999997,63.0,1048576.0,0.0,1788984720.1228452,0.0,1788984720.122876,0.0,1788984720.1228964,0.0,0.0,0.0,1.0,0.0,1913819.0,1788984720.123118,556352.0,1788984720.1231363,1357467.0,1788984720.1231527,0.0,1788984720.1231701,0.0,1788984720.1231909,0.0,1788984720.12321,0.0,1788984720.1232266,1913819.0,1788984720.1232803,1913819.0,5366954160.369929,556352.0,1788984720.1233325,859.0,1788984720.12335,71.0,8944923600.616976,79.0,71.0,1913819.0,1788984720.1234593,996.0,71.0,859.0,1788984720.1235328,9946.0,781.0,1914678.0,1788984720.1235816,996.0,71.0,859.0,1788984720.1236355,426.0,71.0,71.0,1788984720.1236787,988.0,71.0,1841.0,1788984720.1237156,668.0,71.0,1134.6963138580322,1788984720.123771,14186.0,788.0,27.988956465000115,1788984720.1239083,1392.0,71.0,0.4632526279872323,1788984720.123963,999.0,71.0,1162.6797270774841,1788984720.1240208,1096.0,71.0,831.9198277530005,1788984720.124081,1126.0,71.0,306.6845184779995,1788984720.124134,1170.0,71.0,278.6955620129994,1788984720.1241984,1518.0,71.0,27.988956465000115,1788984720.1242516,230.0,71.0,1357467.0,1788984720.1243124,1.0,84.0,5366954195.928939,84.0,14300526.0,5366954195.929008,84.0,132244.0,5366954195.929079,770.0,84.0,1164.488012396,1788984720.2980843,154.0,84.0,1164.4880123960002,5366954195.929164,0.0
930751201917,1788985045674432278,17765.0,0.0,2066.0,1.0,17024446464.0,1846308864.0,1788984670.17,30.63,63.0,1048576.0,0.0,1788984720.1228452,0.0,1788984720.122876,0.0,1788984720.1228964,0.0,0.0,0.0,1.0,0.0,1913819.0,1788984720.123118,556352.0,1788984720.1231363,1357467.0,1788984720.1231527,0.0,1788984720.1231701,0.0,1788984720.1231909,0.0,1788984720.12321,0.0,1788984720.1232266,1913819.0,1788984720.1232803,1913819.0,5366954160.369929,556352.0,1788984720.1233325,859.0,1788984720.12335,71.0,8944923600.616976,79.0,71.0,1913819.0,1788984720.1234593,996.0,71.0,859.0,1788984720.1235328,9946.0,781.0,1914678.0,1788984720.1235816,996.0,71.0,859.0,1788984720.1236355,426.0,71.0,71.0,1788984720.1236787,988.0,71.0,1841.0,1788984720.1237156,668.0,71.0,1134.6963138580322,1788984720.123771,14186.0,788.0,27.988956465000115,1788984720.1239083,1392.0,71.0,0.4632526279872323,1788984720.123963,999.0,71.0,1162.6797270774841,1788984720.1240208,1096.0,71.0,831.9198277530005,1788984720.124081,1126.0,71.0,306.6845184779995,1788984720.124134,1170.0,71.0,278.6955620129994,1788984720.1241984,1518.0,71.0,27.988956465000115,1788984720.1242516,230.0,71.0,1357467.0,1788984720.1243124,1.0,84.0,5366954195.928939,84.0,14300526.0,5366954195.929008,84.0,132244.0,5366954195.929079,770.0,84.0,1164.488012396,1788984720.2980843,154.0,84.0,1164.4880123960002,5366954195.929164,0.0
931260801094,1788985046184031475,17765.0,0.0,2066.0,1.0,17024446464.0,1846308864.0,1788984670.17,30.63,63.0,1048576.0,0.0,1788984720.1228452,0.0,1788984720.122876,0.0,1788984720.1228964,0.0,0.0,0.0,1.0,0.0,1913819.0,1788984720.123118,556352.0,1788984720.1231363,1357467.0,1788984720.1231527,0.0,1788984720.1231701,0.0,1788984720.1231909,0.0,1788984720.12321,0.0,1788984720.1232266,1913819.0,1788984720.1232803,1913819.0,5366954160.369929,556352.0,1788984720.1233325,859.0,1788984720.12335,71.0,8944923600.616976,79.0,71.0,1913819.0,1788984720.1234593,996.0,71.0,859.0,1788984720.1235328,9946.0,781.0,1914678.0,1788984720.1235816,996.0,71.0,859.0,1788984720.1236355,426.0,71.0,71.0,1788984720.1236787,988.0,71.0,1841.0,1788984720.1237156,668.0,71.0,1134.6963138580322,1788984720.123771,14186.0,788.0,27.988956465000115,1788984720.1239083,1392.0,71.0,0.4632526279872323,1788984720.123963,999.0,71.0,1162.6797270774841,1788984720.1240208,1096.0,71.0,831.9198277530005,1788984720.124081,1126.0,71.0,306.6845184779995,1788984720.124134,1170.0,71.0,278.6955620129994,1788984720.1241984,1518.0,71.0,27.988956465000115,1788984720.1242516,230.0,71.0,1357467.0,1788984720.1243124,1.0,84.0,5366954195.928939,84.0,14300526.0,5366954195.929008,84.0,132244.0,5366954195.929079,770.0,84.0,1164.488012396,1788984720.2980843,154.0,84.0,1164.4880123960002,5366954195.929164,0.0
931770650150,1788985046693880601,17765.0,0.0,2066.0,1.0,17024446464.0,1846308864.0,1788984670.17,30.64,63.0,1048576.0,0.0,1788984720.1228452,0.0,1788984720.122876,0.0,1788984720.1228964,0.0,0.0,0.0,1.0,0.0,1913819.0,1788984720.123118,556352.0,1788984720.1231363,1357467.0,1788984720.1231527,0.0,1788984720.1231701,0.0,1788984720.1231909,0.0,1788984720.12321,0.0,1788984720.1232266,1913819.0,1788984720.1232803,1913819.0,5366954160.369929,556352.0,1788984720.1233325,859.0,1788984720.12335,71.0,8944923600.616976,79.0,71.0,1913819.0,1788984720.1234593,996.0,71.0,859.0,1788984720.1235328,9946.0,781.0,1914678.0,1788984720.1235816,996.0,71.0,859.0,1788984720.1236355,426.0,71.0,71.0,1788984720.1236787,988.0,71.0,1841.0,1788984720.1237156,668.0,71.0,1134.6963138580322,1788984720.123771,14186.0,788.0,27.988956465000115,1788984720.1239083,1392.0,71.0,0.4632526279872323,1788984720.123963,999.0,71.0,1162.6797270774841,1788984720.1240208,1096.0,71.0,831.9198277530005,1788984720.124081,1126.0,71.0,306.6845184779995,1788984720.124134,1170.0,71.0,278.6955620129994,1788984720.1241984,1518.0,71.0,27.988956465000115,1788984720.1242516,230.0,71.0,1357467.0,1788984720.1243124,1.0,84.0,5366954195.928939,84.0,14300526.0,5366954195.929008,84.0,132244.0,5366954195.929079,770.0,84.0,1164.488012396,1788984720.2980843,154.0,84.0,1164.4880123960002,5366954195.929164,0.0
932280228398,1788985047203458819,17765.0,0.0,2066.0,1.0,17024446464.0,1846308864.0,1788984670.17,30.66,62.0,1048576.0,0.0,1788984720.1228452,0.0,1788984720.122876,0.0,1788984720.1228964,0.0,0.0,0.0,1.0,0.0,1913819.0,1788984720.123118,556352.0,1788984720.1231363,1357467.0,1788984720.1231527,0.0,1788984720.1231701,0.0,1788984720.1231909,0.0,1788984720.12321,0.0,1788984720.1232266,1913819.0,1788984720.1232803,1913819.0,5366954160.369929,556352.0,1788984720.1233325,859.0,1788984720.12335,71.0,8944923600.616976,79.0,71.0,1913819.0,1788984720.1234593,996.0,71.0,859.0,1788984720.1235328,9946.0,781.0,1914678.0,1788984720.1235816,996.0,71.0,859.0,1788984720.1236355,426.0,71.0,71.0,1788984720.1236787,988.0,71.0,1841.0,1788984720.1237156,668.0,71.0,1134.6963138580322,1788984720.123771,14186.0,788.0,27.988956465000115,1788984720.1239083,1392.0,71.0,0.4632526279872323,1788984720.123963,999.0,71.0,1162.6797270774841,1788984720.1240208,1096.0,71.0,831.9198277530005,1788984720.124081,1126.0,71.0,306.6845184779995,1788984720.124134,1170.0,71.0,278.6955620129994,1788984720.1241984,1518.0,71.0,27.988956465000115,1788984720.1242516,230.0,71.0,1357467.0,1788984720.1243124,1.0,84.0,5366954195.928939,84.0,14300526.0,5366954195.929008,84.0,132244.0,5366954195.929079,770.0,84.0,1164.488012396,1788984720.2980843,154.0,84.0,1164.4880123960002,5366954195.929164,0.0
932789731563,1788985047712962115,17765.0,0.0,2066.0,1.0,17024446464.0,1846308864.0,1788984670.17,30.69,63.0,1048576.0,0.0,1788984720.1228452,0.0,1788984720.122876,0.0,1788984720.1228964,0.0,0.0,0.0,1.0,0.0,1940325.0,1788984720.123118,582800.0,1788984720.1231363,1357525.0,1788984720.1231527,0.0,1788984720.1231701,0.0,1788984720.1231909,0.0,1788984720.12321,0.0,1788984720.1232266,1940325.0,1788984720.1232803,1940325.0,5366954160.369929,582800.0,1788984720.1233325,865.0,1788984720.12335,72.0,8944923600.616976,80.0,72.0,1940325.0,1788984720.1234593,1008.0,72.0,865.0,1788984720.1235328,10017.0,787.0,1941190.0,1788984720.1235816,1008.0,72.0,865.0,1788984720.1236355,432.0,72.0,72.0,1788984720.1236787,1000.0,72.0,1847.0,1788984720.1237156,684.0,72.0,1134.7786531448364,1788984720.123771,14278.0,793.0,28.1216090370001,1788984720.1239083,1410.0,72.0,0.48978314238722903,1788984720.123963,1021.0,72.0,1162.8943099975586,1788984720.1240208,1118.0,72.0,831.9198446040004,1788984720.124081,1148.0,72.0,306.8906842039995,1788984720.124134,1192.0,72.0,278.7690751669994,1788984720.1241984,1540.0,72.0,28.1216090370001,1788984720.1242516,239.0,72.0,1357525.0,1788984720.1243124,1.0,85.0,5366954195.928939,85.0,14498335.0,5366954195.929008,85.0,132244.0,5366954195.929079,787.0,85.0,1164.7070516059998,1788984720.2980843,157.0,85.0,1164.707051606,5366954195.929164,0.0
933299136134,1788985048222366705,17765.0,0.0,2066.0,1.0,17024446464.0,1846308864.0,1788984670.17,30.73,63.0,1048576.0,0.0,1788984720.1228452,0.0,1788984720.122876,0.0,1788984720.1228964,1.0,0.0,0.0,1.0,0.028254020892057752,1967572.0,1788984720.123118,609984.0,1788984720.1231363,1357588.0,1788984720.1231527,0.0,1788984720.1231701,0.0,1788984720.1231909,0.0,1788984720.12321,0.0,1788984720.1232266,1967572.0,1788984720.1232803,1967572.0,5366954160.369929,609984.0,1788984720.1233325,875.0,1788984720.12335,72.0,8944923600.616976,80.0,72.0,1940325.0,1788984720.1234593,1008.0,72.0,865.0,1788984720.1235328,10144.0,797.0,1968447.0,1788984720.1235816,1008.0,72.0,865.0,1788984720.1236355,432.0,72.0,72.0,1788984720.1236787,1000.0,72.0,1847.0,1788984720.1237156,700.0,73.0,1134.862598657608,1788984720.123771,14440.0,802.0,28.41925151600003,1788984720.1239083,1410.0,72.0,0.48978314238722903,1788984720.123963,1021.0,72.0,1162.8943099975586,1788984720.1240208,1118.0,72.0,831.9198446040004,1788984720.124081,1148.0,72.0,306.8906842039995,1788984720.124134,1192.0,72.0,278.7690751669994,1788984720.1241984,1540.0,72.0,28.1216090370001,1788984720.1242516,239.0,72.0,1357525.0,1788984720.1243124,1.0,85.0,5366954195.928939,85.0,14498335.0,5366954195.929008,85.0,132244.0,5366954195.929079,787.0,85.0,1164.7070516059998,1788984720.2980843,157.0,85.0,1164.707051606,5366954195.929164,0.028254020892057752
933808952830,1788985048732183090,17765.0,0.0,2066.0,1.0,17024446464.0,1846308864.0,1788984670.17,30.740000000000002,63.0,1048576.0,0.0,1788984720.1228452,0.0,1788984720.122876,0.0,1788984720.1228964,0.0,0.0,0.0,1.0,0.0,1967572.0,1788984720.123118,609984.0,1788984720.1231363,1357588.0,1788984720.1231527,0.0,1788984720.1231701,0.0,1788984720.1231909,0.0,1788984720.12321,0.0,1788984720.1232266,1967572.0,1788984720.1232803,1967572.0,5366954160.369929,609984.0,1788984720.1233325,883.0,1788984720.12335,73.0,8944923600.616976,81.0,73.0,1967572.0,1788984720.1234593,1019.0,73.0,883.0,1788984720.1235328,10256.0,805.0,1968455.0,1788984720.1235816,1019.0,73.0,883.0,1788984720.1236355,438.0,73.0,73.0,1788984720.1236787,1011.0,73.0,1865.0,1788984720.1237156,700.0,73.0,1134.862598657608,1788984720.123771,14586.0,810.0,28.654103448,1788984720.1239083,1428.0,73.0,0.5211063430342822,1788984720.123963,1041.0,73.0,1163.5105826854706,1788984720.1240208,1140.0,73.0,831.9198554740004,1788984720.124081,1168.0,73.0,307.49834903599947,1788984720.124134,1214.0,73.0,278.84424558799947,1788984720.1241984,1560.0,73.0,28.654103448,1788984720.1242516,248.0,73.0,1357588.0,1788984720.1243124,1.0,86.0,5366954195.928939,86.0,14701590.0,5366954195.929008,86.0,132244.0,5366954195.929079,802.0,86.0,1165.3275970269997,1788984720.2980843,159.0,86.0,1165.327597027,5366954195.929164,0.0
934318484560,1788985049241714770,17765.0,0.0,2066.0,1.0,17024446464.0,1846308864.0,1788984670.17,30.75,63.0,1048576.0,0.0,1788984720.1228452,0.0,1788984720.122876,0.0,1788984720.1228964,0.0,0.0,0.0,1.0,0.0,1967572.0,1788984720.123118,609984.0,1788984720.1231363,1357588.0,1788984720.1231527,0.0,1788984720.1231701,0.0,1788984720.1231909,0.0,1788984720.12321,0.0,1788984720.1232266,1967572.0,1788984720.1232803,1967572.0,5366954160.369929,609984.0,1788984720.1233325,883.0,1788984720.12335,73.0,8944923600.616976,81.0,73.0,1967572.0,1788984720.1234593,1019.0,73.0,883.0,1788984720.1235328,10256.0,805.0,1968455.0,1788984720.1235816,1019.0,73.0,883.0,1788984720.1236355,438.0,73.0,73.0,1788984720.1236787,1011.0,73.0,1865.0,1788984720.1237156,700.0,73.0,1134.862598657608,1788984720.123771,14586.0,810.0,28.654103448,1788984720.1239083,1428.0,73.0,0.5211063430342822,1788984720.123963,1041.0,73.0,1163.5105826854706,1788984720.1240208,1140.0,73.0,831.9198554740004,1788984720.124081,1168.0,73.0,307.49834903599947,1788984720.124134,1214.0,73.0,278.84424558799947,1788984720.1241984,1560.0,73.0,28.654103448,1788984720.1242516,248.0,73.0,1357588.0,1788984720.1243124,1.0,86.0,5366954195.928939,86.0,14701590.0,5366954195.929008,86.0,132244.0,5366954195.929079,802.0,86.0,1165.3275970269997,1788984720.2980843,159.0,86.0,1165.327597027,5366954195.929164,0.0
934827271078,1788985049750501299,17765.0,0.0,2066.0,1.0,17024446464.0,1846308864.0,1788984670.17,30.75,63.0,1048576.0,0.0,1788984720.1228452,0.0,1788984720.122876,0.0,1788984720.1228964,0.0,0.0,0.0,1.0,0.0,1967572.0,1788984720.123118,609984.0,1788984720.1231363,1357588.0,1788984720.1231527,0.0,1788984720.1231701,0.0,1788984720.1231909,0.0,1788984720.12321,0.0,1788984720.1232266,1967572.0,1788984720.1232803,1967572.0,5366954160.369929,609984.0,1788984720.1233325,883.0,1788984720.12335,73.0,8944923600.616976,81.0,73.0,1967572.0,1788984720.1234593,1019.0,73.0,883.0,1788984720.1235328,10256.0,805.0,1968455.0,1788984720.1235816,1019.0,73.0,883.0,1788984720.1236355,438.0,73.0,73.0,1788984720.1236787,1011.0,73.0,1865.0,1788984720.1237156,700.0,73.0,1134.862598657608,1788984720.123771,14586.0,810.0,28.654103448,1788984720.1239083,1428.0,73.0,0.5211063430342822,1788984720.123963,1041.0,73.0,1163.5105826854706,1788984720.1240208,1140.0,73.0,831.9198554740004,1788984720.124081,1168.0,73.0,307.49834903599947,1788984720.124134,1214.0,73.0,278.84424558799947,1788984720.1241984,1560.0,73.0,28.654103448,1788984720.1242516,248.0,73.0,1357588.0,1788984720.1243124,1.0,86.0,5366954195.928939,86.0,14701590.0,5366954195.929008,86.0,132244.0,5366954195.929079,802.0,86.0,1165.3275970269997,1788984720.2980843,159.0,86.0,1165.327597027,5366954195.929164,0.0
935337665881,1788985050260896202,17765.0,0.0,2066.0,1.0,17024446464.0,1846308864.0,1788984670.17,30.76,63.0,1048576.0,0.0,1788984720.1228452,0.0,1788984720.122876,0.0,1788984720.1228964,0.0,0.0,0.0,1.0,0.0,1967572.0,1788984720.123118,609984.0,1788984720.1231363,1357588.0,1788984720.1231527,0.0,1788984720.1231701,0.0,1788984720.1231909,0.0,1788984720.12321,0.0,1788984720.1232266,1967572.0,1788984720.1232803,1967572.0,5366954160.369929,609984.0,1788984720.1233325,883.0,1788984720.12335,73.0,8944923600.616976,81.0,73.0,1967572.0,1788984720.1234593,1019.0,73.0,883.0,1788984720.1235328,10256.0,805.0,1968455.0,1788984720.1235816,1019.0,73.0,883.0,1788984720.1236355,438.0,73.0,73.0,1788984720.1236787,1011.0,73.0,1865.0,1788984720.1237156,700.0,73.0,1134.862598657608,1788984720.123771,14586.0,810.0,28.654103448,1788984720.1239083,1428.0,73.0,0.5211063430342822,1788984720.123963,1041.0,73.0,1163.5105826854706,1788984720.1240208,1140.0,73.0,831.9198554740004,1788984720.124081,1168.0,73.0,307.49834903599947,1788984720.124134,1214.0,73.0,278.84424558799947,1788984720.1241984,1560.0,73.0,28.654103448,1788984720.1242516,248.0,73.0,1357588.0,1788984720.1243124,1.0,86.0,5366954195.928939,86.0,14701590.0,5366954195.929008,86.0,132244.0,5366954195.929079,802.0,86.0,1165.3275970269997,1788984720.2980843,159.0,86.0,1165.327597027,5366954195.929164,0.0
935846871526,1788985050770101877,17765.0,0.0,2066.0,1.0,17024446464.0,1846308864.0,1788984670.17,30.8,63.0,1048576.0,0.0,1788984720.1228452,0.0,1788984720.122876,0.0,1788984720.1228964,0.0,0.0,0.0,1.0,0.0,1999112.0,1788984720.123118,641392.0,1788984720.1231363,1357720.0,1788984720.1231527,0.0,1788984720.1231701,0.0,1788984720.1231909,0.0,1788984720.12321,0.0,1788984720.1232266,1999112.0,1788984720.1232803,1999112.0,5366954160.369929,641392.0,1788984720.1233325,884.0,1788984720.12335,74.0,8944923600.616976,82.0,74.0,1999112.0,1788984720.1234593,1034.0,74.0,884.0,1788984720.1235328,10257.0,806.0,1999996.0,1788984720.1235816,1034.0,74.0,884.0,1788984720.1236355,444.0,74.0,74.0,1788984720.1236787,1026.0,74.0,1866.0,1788984720.1237156,718.0,74.0,1134.9218754768372,1788984720.123771,14586.0,810.0,28.654103448,1788984720.1239083,1448.0,74.0,0.5211063430342822,1788984720.123963,1063.0,74.0,1163.5698595046997,1788984720.1240208,1162.0,74.0,831.9198696710005,1788984720.124081,1190.0,74.0,307.54787558399937,1788984720.124134,1236.0,74.0,278.89377213599937,1788984720.1241984,1582.0,74.0,28.654103448,1788984720.1242516,256.0,74.0,1357720.0,1788984720.1243124,1.0,87.0,5366954195.928939,87.0,14936500.0,5366954195.929008,87.0,132244.0,5366954195.929079,820.0,87.0,1165.4174127469996,1788984720.2980843,163.0,87.0,1165.4174127469998,5366954195.929164,0.0
936356141844,1788985051279372305,17765.0,0.0,2066.0,1.0,17024446464.0,1846308864.0,1788984670.17,30.810000000000002,63.0,1048576.0,0.0,1788984720.1228452,0.0,1788984720.122876,0.0,1788984720.1228964,0.0,0.0,0.0,1.0,0.0,1999112.0,1788984720.123118,641392.0,1788984720.1231363,1357720.0,1788984720.1231527,0.0,1788984720.1231701,0.0,1788984720.1231909,0.0,1788984720.12321,0.0,1788984720.1232266,1999112.0,1788984720.1232803,1999112.0,5366954160.369929,641392.0,1788984720.1233325,884.0,1788984720.12335,74.0,8944923600.616976,82.0,74.0,1999112.0,1788984720.1234593,1034.0,74.0,884.0,1788984720.1235328,10257.0,806.0,1999996.0,1788984720.1235816,1034.0,74.0,884.0,1788984720.1236355,444.0,74.0,74.0,1788984720.1236787,1026.0,74.0,1866.0,1788984720.1237156,718.0,74.0,1134.9218754768372,1788984720.123771,14586.0,810.0,28.654103448,1788984720.1239083,1448.0,74.0,0.5211063430342822,1788984720.123963,1063.0,74.0,1163.5698595046997,1788984720.1240208,1162.0,74.0,831.9198696710005,1788984720.124081,1190.0,74.0,307.54787558399937,1788984720.124134,1236.0,74.0,278.89377213599937,1788984720.1241984,1582.0,74.0,28.654103448,1788984720.1242516,256.0,74.0,1357720.0,1788984720.1243124,1.0,87.0,5366954195.928939,87.0,14936500.0,5366954195.929008,87.0,132244.0,5366954195.929079,820.0,87.0,1165.4174127469996,1788984720.2980843,163.0,87.0,1165.4174127469998,5366954195.929164,0.0
936866126005,1788985051789356305,17765.0,0.0,2066.0,1.0,17024446464.0,1846308864.0,1788984670.17,30.810000000000002,63.0,1048576.0,0.0,1788984720.1228452,0.0,1788984720.122876,0.0,1788984720.1228964,0.0,0.0,0.0,1.0,0.0,1999112.0,1788984720.123118,641392.0,1788984720.1231363,1357720.0,1788984720.1231527,0.0,1788984720.1231701,0.0,1788984720.1231909,0.0,1788984720.12321,0.0,1788984720.1232266,1999112.0,1788984720.1232803,1999112.0,5366954160.369929,641392.0,1788984720.1233325,884.0,1788984720.12335,74.0,8944923600.616976,82.0,74.0,1999112.0,1788984720.1234593,1034.0,74.0,884.0,1788984720.1235328,10257.0,806.0,1999996.0,1788984720.1235816,1034.0,74.0,884.0,1788984720.1236355,444.0,74.0,74.0,1788984720.1236787,1026.0,74.0,1866.0,1788984720.1237156,718.0,74.0,1134.9218754768372,1788984720.123771,14586.0,810.0,28.654103448,1788984720.1239083,1448.0,74.0,0.5211063430342822,1788984720.123963,1063.0,74.0,1163.5698595046997,1788984720.1240208,1162.0,74.0,831.9198696710005,1788984720.124081,1190.0,74.0,307.54787558399937,1788984720.124134,1236.0,74.0,278.89377213599937,1788984720.1241984,1582.0,74.0,28.654103448,1788984720.1242516,256.0,74.0,1357720.0,1788984720.1243124,1.0,87.0,5366954195.928939,87.0,14936500.0,5366954195.929008,87.0,132244.0,5366954195.929079,820.0,87.0,1165.4174127469996,1788984720.2980843,163.0,87.0,1165.4174127469998,5366954195.929164,0.0
937375479388,1788985052298709719,17765.0,0.0,2066.0,1.0,17024446464.0,1846308864.0,1788984670.17,30.82,63.0,1048576.0,0.0,1788984720.1228452,0.0,1788984720.122876,0.0,1788984720.1228964,0.0,0.0,0.0,1.0,0.0,1999112.0,1788984720.123118,641392.0,1788984720.1231363,1357720.0,1788984720.1231527,0.0,1788984720.1231701,0.0,1788984720.1231909,0.0,1788984720.12321,0.0,1788984720.1232266,1999112.0,1788984720.1232803,1999112.0,5366954160.369929,641392.0,1788984720.1233325,884.0,1788984720.12335,74.0,8944923600.616976,82.0,74.0,1999112.0,1788984720.1234593,1034.0,74.0,884.0,1788984720.1235328,10257.0,806.0,1999996.0,1788984720.1235816,1034.0,74.0,884.0,1788984720.1236355,444.0,74.0,74.0,1788984720.1236787,1026.0,74.0,1866.0,1788984720.1237156,718.0,74.0,1134.9218754768372,1788984720.123771,14586.0,810.0,28.654103448,1788984720.1239083,1448.0,74.0,0.5211063430342822,1788984720.123963,1063.0,74.0,1163.5698595046997,1788984720.1240208,1162.0,74.0,831.9198696710005,1788984720.124081,1190.0,74.0,307.54787558399937,1788984720.124134,1236.0,74.0,278.89377213599937,1788984720.1241984,1582.0,74.0,28.654103448,1788984720.1242516,256.0,74.0,1357720.0,1788984720.1243124,1.0,87.0,5366954195.928939,87.0,14936500.0,5366954195.929008,87.0,132244.0,5366954195.929079,820.0,87.0,1165.4174127469996,1788984720.2980843,163.0,87.0,1165.4174127469998,5366954195.929164,0.0
937885065891,1788985052808296322,17765.0,0.0,2066.0,1.0,17024446464.0,1846308864.0,1788984670.17,30.830000000000002,63.0,1048576.0,0.0,1788984720.1228452,0.0,1788984720.122876,0.0,1788984720.1228964,0.0,0.0,0.0,1.0,0.0,1999112.0,1788984720.123118,641392.0,1788984720.1231363,1357720.0,1788984720.1231527,0.0,1788984720.1231701,0.0,1788984720.1231909,0.0,1788984720.12321,0.0,1788984720.1232266,1999112.0,1788984720.1232803,1999112.0,5366954160.369929,641392.0,1788984720.1233325,884.0,1788984720.12335,74.0,8944923600.616976,82.0,74.0,1999112.0,1788984720.1234593,1034.0,74.0,884.0,1788984720.1235328,10257.0,806.0,1999996.0,1788984720.1235816,1034.0,74.0,884.0,1788984720.1236355,444.0,74.0,74.0,1788984720.1236787,1026.0,74.0,1866.0,1788984720.1237156,718.0,74.0,1134.9218754768372,1788984720.123771,14586.0,810.0,28.654103448,1788984720.1239083,1448.0,74.0,0.5211063430342822,1788984720.123963,1063.0,74.0,1163.5698595046997,1788984720.1240208,1162.0,74.0,831.9198696710005,1788984720.124081,1190.0,74.0,307.54787558399937,1788984720.124134,1236.0,74.0,278.89377213599937,1788984720.1241984,1582.0,74.0,28.654103448,1788984720.1242516,256.0,74.0,1357720.0,1788984720.1243124,1.0,87.0,5366954195.928939,87.0,14936500.0,5366954195.929008,87.0,132244.0,5366954195.929079,820.0,87.0,1165.4174127469996,1788984720.2980843,163.0,87.0,1165.4174127469998,5366954195.929164,0.0
938394158635,1788985053317388996,17765.0,0.0,2066.0,1.0,17024446464.0,1846308864.0,1788984670.17,30.830000000000002,63.0,1048576.0,0.0,1788984720.1228452,0.0,1788984720.122876,0.0,1788984720.1228964,0.0,0.0,0.0,1.0,0.0,1999112.0,1788984720.123118,641392.0,1788984720.1231363,1357720.0,1788984720.1231527,0.0,1788984720.1231701,0.0,1788984720.1231909,0.0,1788984720.12321,0.0,1788984720.1232266,1999112.0,1788984720.1232803,1999112.0,5366954160.369929,641392.0,1788984720.1233325,884.0,1788984720.12335,74.0,8944923600.616976,82.0,74.0,1999112.0,1788984720.1234593,1034.0,74.0,884.0,1788984720.1235328,10257.0,806.0,1999996.0,1788984720.1235816,1034.0,74.0,884.0,1788984720.1236355,444.0,74.0,74.0,1788984720.1236787,1026.0,74.0,1866.0,1788984720.1237156,718.0,74.0,1134.9218754768372,1788984720.123771,14586.0,810.0,28.654103448,1788984720.1239083,1448.0,74.0,0.5211063430342822,1788984720.123963,1063.0,74.0,1163.5698595046997,1788984720.1240208,1162.0,74.0,831.9198696710005,1788984720.124081,1190.0,74.0,307.54787558399937,1788984720.124134,1236.0,74.0,278.89377213599937,1788984720.1241984,1582.0,74.0,28.654103448,1788984720.1242516,256.0,74.0,1357720.0,1788984720.1243124,1.0,87.0,5366954195.928939,87.0,14936500.0,5366954195.929008,87.0,132244.0,5366954195.929079,820.0,87.0,1165.4174127469996,1788984720.2980843,163.0,87.0,1165.4174127469998,5366954195.929164,0.0
938903365203,1788985053826595554,17765.0,0.0,2066.0,1.0,17024446464.0,1846308864.0,1788984670.17,30.84,63.0,1048576.0,0.0,1788984720.1228452,0.0,1788984720.122876,0.0,1788984720.1228964,0.0,0.0,0.0,1.0,0.0,1999112.0,1788984720.123118,641392.0,1788984720.1231363,1357720.0,1788984720.1231527,0.0,1788984720.1231701,0.0,1788984720.1231909,0.0,1788984720.12321,0.0,1788984720.1232266,1999112.0,1788984720.1232803,1999112.0,5366954160.369929,641392.0,1788984720.1233325,884.0,1788984720.12335,74.0,8944923600.616976,82.0,74.0,1999112.0,1788984720.1234593,1034.0,74.0,884.0,1788984720.1235328,10257.0,806.0,1999996.0,1788984720.1235816,1034.0,74.0,884.0,1788984720.1236355,444.0,74.0,74.0,1788984720.1236787,1026.0,74.0,1866.0,1788984720.1237156,718.0,74.0,1134.9218754768372,1788984720.123771,14586.0,810.0,28.654103448,1788984720.1239083,1448.0,74.0,0.5211063430342822,1788984720.123963,1063.0,74.0,1163.5698595046997,1788984720.1240208,1162.0,74.0,831.9198696710005,1788984720.124081,1190.0,74.0,307.54787558399937,1788984720.124134,1236.0,74.0,278.89377213599937,1788984720.1241984,1582.0,74.0,28.654103448,1788984720.1242516,256.0,74.0,1357720.0,1788984720.1243124,1.0,87.0,5366954195.928939,87.0,14936500.0,5366954195.929008,87.0,132244.0,5366954195.929079,820.0,87.0,1165.4174127469996,1788984720.2980843,163.0,87.0,1165.4174127469998,5366954195.929164,0.0
939412684011,1788985054335914282,17765.0,0.0,2066.0,1.0,17024446464.0,1846308864.0,1788984670.17,30.85,63.0,1048576.0,0.0,1788984720.1228452,0.0,1788984720.122876,0.0,1788984720.1228964,0.0,0.0,0.0,1.0,0.0,1999112.0,1788984720.123118,641392.0,1788984720.1231363,1357720.0,1788984720.1231527,0.0,1788984720.1231701,0.0,1788984720.1231909,0.0,1788984720.12321,0.0,1788984720.1232266,1999112.0,1788984720.1232803,1999112.0,5366954160.369929,641392.0,1788984720.1233325,884.0,1788984720.12335,74.0,8944923600.616976,82.0,74.0,1999112.0,1788984720.1234593,1034.0,74.0,884.0,1788984720.1235328,10257.0,806.0,1999996.0,1788984720.1235816,1034.0,74.0,884.0,1788984720.1236355,444.0,74.0,74.0,1788984720.1236787,1026.0,74.0,1866.0,1788984720.1237156,718.0,74.0,1134.9218754768372,1788984720.123771,14586.0,810.0,28.654103448,1788984720.1239083,1448.0,74.0,0.5211063430342822,1788984720.123963,1063.0,74.0,1163.5698595046997,1788984720.1240208,1162.0,74.0,831.9198696710005,1788984720.124081,1190.0,74.0,307.54787558399937,1788984720.124134,1236.0,74.0,278.89377213599937,1788984720.1241984,1582.0,74.0,28.654103448,1788984720.1242516,256.0,74.0,1357720.0,1788984720.1243124,1.0,87.0,5366954195.928939,87.0,14936500.0,5366954195.929008,87.0,132244.0,5366954195.929079,820.0,87.0,1165.4174127469996,1788984720.2980843,163.0,87.0,1165.4174127469998,5366954195.929164,0.0
939925950837,1788985054849181308,17765.0,0.0,2066.0,1.0,17024446464.0,1846308864.0,1788984670.17,30.900000000000002,63.0,1048576.0,0.0,1788984720.1228452,0.0,1788984720.122876,0.0,1788984720.1228964,1.0,0.0,0.0,1.0,0.028353506881114265,2026456.0,1788984720.123118,668688.0,1788984720.1231363,1357768.0,1788984720.1231527,0.0,1788984720.1231701,0.0,1788984720.1231909,0.0,1788984720.12321,0.0,1788984720.1232266,2026456.0,1788984720.1232803,2026456.0,5366954160.369929,668688.0,1788984720.1233325,886.0,1788984720.12335,74.0,8944923600.616976,82.0,74.0,1999112.0,1788984720.1234593,1034.0,74.0,884.0,1788984720.1235328,10272.0,808.0,2027342.0,1788984720.1235816,1034.0,74.0,884.0,1788984720.1236355,444.0,74.0,74.0,1788984720.1236787,1026.0,74.0,1866.0,1788984720.1237156,734.0,75.0,1135.0064589977264,1788984720.123771,14604.0,811.0,28.688829768000005,1788984720.1239083,1448.0,74.0,0.5211063430342822,1788984720.123963,1063.0,74.0,1163.5698595046997,1788984720.1240208,1162.0,74.0,831.9198696710005,1788984720.124081,1190.0,74.0,307.54787558399937,1788984720.124134,1236.0,74.0,278.89377213599937,1788984720.1241984,1582.0,74.0,28.654103448,1788984720.1242516,256.0,74.0,1357720.0,1788984720.1243124,1.0,87.0,5366954195.928939,87.0,14936500.0,5366954195.929008,87.0,132244.0,5366954195.929079,820.0,87.0,1165.4174127469996,1788984720.2980843,163.0,87.0,1165.4174127469998,5366954195.929164,0.028353506881114265
940435699965,1788985055358930456,17765.0,0.0,2066.0,1.0,17024446464.0,1846308864.0,1788984670.17,30.94,63.0,1048576.0,0.0,1788984720.1228452,0.0,1788984720.122876,0.0,1788984720.1228964,0.0,0.0,0.0,1.0,0.0,2026456.0,1788984720.123118,668688.0,1788984720.1231363,1357768.0,1788984720.1231527,0.0,1788984720.1231701,0.0,1788984720.1231909,0.0,1788984720.12321,0.0,1788984720.1232266,2026456.0,1788984720.1232803,2026456.0,5366954160.369929,668688.0,1788984720.1233325,894.0,1788984720.12335,75.0,8944923600.616976,83.0,75.0,2026456.0,1788984720.1234593,1046.0,75.0,894.0,1788984720.1235328,10384.0,816.0,2027350.0,1788984720.1235816,1046.0,75.0,894.0,1788984720.1236355,450.0,75.0,75.0,1788984720.1236787,1038.0,75.0,1876.0,1788984720.1237156,734.0,75.0,1135.0064589977264,1788984720.123771,14750.0,819.0,28.92432755499999,1788984720.1239083,1466.0,75.0,0.5511312438120588,1788984720.123963,1084.0,75.0,1163.9244453907013,1788984720.1240208,1184.0,75.0,831.9198837370004,1788984720.124081,1211.0,75.0,307.89428262899935,1788984720.124134,1258.0,75.0,278.96995507399936,1788984720.1241984,1604.0,75.0,28.92432755499999,1788984720.1242516,266.0,75.0,1357768.0,1788984720.1243124,1.0,88.0,5366954195.928939,88.0,15140385.0,5366954195.929008,88.0,132244.0,5366954195.929079,836.0,88.0,1165.7768536579997,1788984720.2980843,166.0,88.0,1165.776853658,5366954195.929164,0.0
940945091751,1788985055868322092,17765.0,0.0,2066.0,1.0,17024446464.0,1846308864.0,1788984670.17,30.95,63.0,1048576.0,0.0,1788984720.1228452,0.0,1788984720.122876,0.0,1788984720.1228964,0.0,0.0,0.0,1.0,0.0,2026456.0,1788984720.123118,668688.0,1788984720.1231363,1357768.0,1788984720.1231527,0.0,1788984720.1231701,0.0,1788984720.1231909,0.0,1788984720.12321,0.0,1788984720.1232266,2026456.0,1788984720.1232803,2026456.0,5366954160.369929,668688.0,1788984720.1233325,894.0,1788984720.12335,75.0,8944923600.616976,83.0,75.0,2026456.0,1788984720.1234593,1046.0,75.0,894.0,1788984720.1235328,10384.0,816.0,2027350.0,1788984720.1235816,1046.0,75.0,894.0,1788984720.1236355,450.0,75.0,75.0,1788984720.1236787,1038.0,75.0,1876.0,1788984720.1237156,734.0,75.0,1135.0064589977264,1788984720.123771,14750.0,819.0,28.92432755499999,1788984720.1239083,1466.0,75.0,0.5511312438120588,1788984720.123963,1084.0,75.0,1163.9244453907013,1788984720.1240208,1184.0,75.0,831.9198837370004,1788984720.124081,1211.0,75.0,307.89428262899935,1788984720.124134,1258.0,75.0,278.96995507399936,1788984720.1241984,1604.0,75.0,28.92432755499999,1788984720.1242516,266.0,75.0,1357768.0,1788984720.1243124,1.0,88.0,5366954195.928939,88.0,15140385.0,5366954195.929008,88.0,132244.0,5366954195.929079,836.0,88.0,1165.7768536579997,1788984720.2980843,166.0,88.0,1165.776853658,5366954195.929164,0.0
941454783391,1788985056378013692,17765.0,0.0,2066.0,1.0,17024446464.0,1846308864.0,1788984670.17,30.96,63.0,1048576.0,0.0,1788984720.1228452,0.0,1788984720.122876,0.0,1788984720.1228964,0.0,0.0,0.0,1.0,0.0,2026456.0,1788984720.123118,668688.0,1788984720.1231363,1357768.0,1788984720.1231527,0.0,1788984720.1231701,0.0,1788984720.1231909,0.0,1788984720.12321,0.0,1788984720.1232266,2026456.0,1788984720.1232803,2026456.0,5366954160.369929,668688.0,1788984720.1233325,894.0,1788984720.12335,75.0,8944923600.616976,83.0,75.0,2026456.0,1788984720.1234593,1046.0,75.0,894.0,1788984720.1235328,10384.0,816.0,2027350.0,1788984720.1235816,1046.0,75.0,894.0,1788984720.1236355,450.0,75.0,75.0,1788984720.1236787,1038.0,75.0,1876.0,1788984720.1237156,734.0,75.0,1135.0064589977264,1788984720.123771,14750.0,819.0,28.92432755499999,1788984720.1239083,1466.0,75.0,0.5511312438120588,1788984720.123963,1084.0,75.0,1163.9244453907013,1788984720.1240208,1184.0,75.0,831.9198837370004,1788984720.124081,1211.0,75.0,307.89428262899935,1788984720.124134,1258.0,75.0,278.96995507399936,1788984720.1241984,1604.0,75.0,28.92432755499999,1788984720.1242516,266.0,75.0,1357768.0,1788984720.1243124,1.0,88.0,5366954195.928939,88.0,15140385.0,5366954195.929008,88.0,132244.0,5366954195.929079,836.0,88.0,1165.7768536579997,1788984720.2980843,166.0,88.0,1165.776853658,5366954195.929164,0.0
941964698171,1788985056887928532,17765.0,0.0,2066.0,1.0,17024446464.0,1846308864.0,1788984670.17,30.96,63.0,1048576.0,0.0,1788984720.1228452,0.0,1788984720.122876,0.0,1788984720.1228964,0.0,0.0,0.0,1.0,0.0,2026456.0,1788984720.123118,668688.0,1788984720.1231363,1357768.0,1788984720.1231527,0.0,1788984720.1231701,0.0,1788984720.1231909,0.0,1788984720.12321,0.0,1788984720.1232266,2026456.0,1788984720.1232803,2026456.0,5366954160.369929,668688.0,1788984720.1233325,894.0,1788984720.12335,75.0,8944923600.616976,83.0,75.0,2026456.0,1788984720.1234593,1046.0,75.0,894.0,1788984720.1235328,10384.0,816.0,2027350.0,1788984720.1235816,1046.0,75.0,894.0,1788984720.1236355,450.0,75.0,75.0,1788984720.1236787,1038.0,75.0,1876.0,1788984720.1237156,734.0,75.0,1135.0064589977264,1788984720.123771,14750.0,819.0,28.92432755499999,1788984720.1239083,1466.0,75.0,0.5511312438120588,1788984720.123963,1084.0,75.0,1163.9244453907013,1788984720.1240208,1184.0,75.0,831.9198837370004,1788984720.124081,1211.0,75.0,307.89428262899935,1788984720.124134,1258.0,75.0,278.96995507399936,1788984720.1241984,1604.0,75.0,28.92432755499999,1788984720.1242516,266.0,75.0,1357768.0,1788984720.1243124,1.0,88.0,5366954195.928939,88.0,15140385.0,5366954195.929008,88.0,132244.0,5366954195.929079,836.0,88.0,1165.7768536579997,1788984720.2980843,166.0,88.0,1165.776853658,5366954195.929164,0.0
942474492785,1788985057397722966,17765.0,0.0,2066.0,1.0,17024446464.0,1846308864.0,1788984670.17,30.970000000000002,63.0,1048576.0,0.0,1788984720.1228452,0.0,1788984720.122876,0.0,1788984720.1228964,0.0,0.0,0.0,1.0,0.0,2026456.0,1788984720.123118,668688.0,1788984720.1231363,1357768.0,1788984720.1231527,0.0,1788984720.1231701,0.0,1788984720.1231909,0.0,1788984720.12321,0.0,1788984720.1232266,2026456.0,1788984720.1232803,2026456.0,5366954160.369929,668688.0,1788984720.1233325,894.0,1788984720.12335,75.0,8944923600.616976,83.0,75.0,2026456.0,1788984720.1234593,1046.0,75.0,894.0,1788984720.1235328,10384.0,816.0,2027350.0,1788984720.1235816,1046.0,75.0,894.0,1788984720.1236355,450.0,75.0,75.0,1788984720.1236787,1038.0,75.0,1876.0,1788984720.1237156,734.0,75.0,1135.0064589977264,1788984720.123771,14750.0,819.0,28.92432755499999,1788984720.1239083,1466.0,75.0,0.5511312438120588,1788984720.123963,1084.0,75.0,1163.9244453907013,1788984720.1240208,1184.0,75.0,831.9198837370004,1788984720.124081,1211.0,75.0,307.89428262899935,1788984720.124134,1258.0,75.0,278.96995507399936,1788984720.1241984,1604.0,75.0,28.92432755499999,1788984720.1242516,266.0,75.0,1357768.0,1788984720.1243124,1.0,88.0,5366954195.928939,88.0,15140385.0,5366954195.929008,88.0,132244.0,5366954195.929079,836.0,88.0,1165.7768536579997,1788984720.2980843,166.0,88.0,1165.776853658,5366954195.929164,0.0
942983659058,1788985057906889238,17765.0,0.0,2066.0,1.0,17024446464.0,1846308864.0,1788984670.17,30.98,63.0,1048576.0,0.0,1788984720.1228452,0.0,1788984720.122876,0.0,1788984720.1228964,0.0,0.0,0.0,1.0,0.0,2026456.0,1788984720.123118,668688.0,1788984720.1231363,1357768.0,1788984720.1231527,0.0,1788984720.1231701,0.0,1788984720.1231909,0.0,1788984720.12321,0.0,1788984720.1232266,2026456.0,1788984720.1232803,2026456.0,5366954160.369929,668688.0,1788984720.1233325,894.0,1788984720.12335,75.0,8944923600.616976,83.0,75.0,2026456.0,1788984720.1234593,1046.0,75.0,894.0,1788984720.1235328,10384.0,816.0,2027350.0,1788984720.1235816,1046.0,75.0,894.0,1788984720.1236355,450.0,75.0,75.0,1788984720.1236787,1038.0,75.0,1876.0,1788984720.1237156,734.0,75.0,1135.0064589977264,1788984720.123771,14750.0,819.0,28.92432755499999,1788984720.1239083,1466.0,75.0,0.5511312438120588,1788984720.123963,1084.0,75.0,1163.9244453907013,1788984720.1240208,1184.0,75.0,831.9198837370004,1788984720.124081,1211.0,75.0,307.89428262899935,1788984720.124134,1258.0,75.0,278.96995507399936,1788984720.1241984,1604.0,75.0,28.92432755499999,1788984720.1242516,266.0,75.0,1357768.0,1788984720.1243124,1.0,88.0,5366954195.928939,88.0,15140385.0,5366954195.929008,88.0,132244.0,5366954195.929079,836.0,88.0,1165.7768536579997,1788984720.2980843,166.0,88.0,1165.776853658,5366954195.929164,0.0
943493410550,1788985058416640922,17765.0,0.0,2066.0,1.0,17024446464.0,1846308864.0,1788984670.17,30.98,63.0,1048576.0,0.0,1788984720.1228452,0.0,1788984720.122876,0.0,1788984720.1228964,0.0,0.0,0.0,1.0,0.0,2026456.0,1788984720.123118,668688.0,1788984720.1231363,1357768.0,1788984720.1231527,0.0,1788984720.1231701,0.0,1788984720.1231909,0.0,1788984720.12321,0.0,1788984720.1232266,2026456.0,1788984720.1232803,2026456.0,5366954160.369929,668688.0,1788984720.1233325,894.0,1788984720.12335,75.0,8944923600.616976,83.0,75.0,2026456.0,1788984720.1234593,1046.0,75.0,894.0,1788984720.1235328,10384.0,816.0,2027350.0,1788984720.1235816,1046.0,75.0,894.0,1788984720.1236355,450.0,75.0,75.0,1788984720.1236787,1038.0,75.0,1876.0,1788984720.1237156,734.0,75.0,1135.0064589977264,1788984720.123771,14750.0,819.0,28.92432755499999,1788984720.1239083,1466.0,75.0,0.5511312438120588,1788984720.123963,1084.0,75.0,1163.9244453907013,1788984720.1240208,1184.0,75.0,831.9198837370004,1788984720.124081,1211.0,75.0,307.89428262899935,1788984720.124134,1258.0,75.0,278.96995507399936,1788984720.1241984,1604.0,75.0,28.92432755499999,1788984720.1242516,266.0,75.0,1357768.0,1788984720.1243124,1.0,88.0,5366954195.928939,88.0,15140385.0,5366954195.929008,88.0,132244.0,5366954195.929079,836.0,88.0,1165.7768536579997,1788984720.2980843,166.0,88.0,1165.776853658,5366954195.929164,0.0
944008406871,1788985058931637283,17765.0,0.0,2066.0,1.0,17024446464.0,1846308864.0,1788984670.17,30.990000000000002,63.0,1048576.0,0.0,1788984720.1228452,0.0,1788984720.122876,0.0,1788984720.1228964,0.0,0.0,0.0,1.0,0.0,2026456.0,1788984720.123118,668688.0,1788984720.1231363,1357768.0,1788984720.1231527,0.0,1788984720.1231701,0.0,1788984720.1231909,0.0,1788984720.12321,0.0,1788984720.1232266,2026456.0,1788984720.1232803,2026456.0,5366954160.369929,668688.0,1788984720.1233325,894.0,1788984720.12335,75.0,8944923600.616976,83.0,75.0,2026456.0,1788984720.1234593,1046.0,75.0,894.0,1788984720.1235328,10384.0,816.0,2027350.0,1788984720.1235816,1046.0,75.0,894.0,1788984720.1236355,450.0,75.0,75.0,1788984720.1236787,1038.0,75.0,1876.0,1788984720.1237156,734.0,75.0,1135.0064589977264,1788984720.123771,14750.0,819.0,28.92432755499999,1788984720.1239083,1466.0,75.0,0.5511312438120588,1788984720.123963,1084.0,75.0,1163.9244453907013,1788984720.1240208,1184.0,75.0,831.9198837370004,1788984720.124081,1211.0,75.0,307.89428262899935,1788984720.124134,1258.0,75.0,278.96995507399936,1788984720.1241984,1604.0,75.0,28.92432755499999,1788984720.1242516,266.0,75.0,1357768.0,1788984720.1243124,1.0,88.0,5366954195.928939,88.0,15140385.0,5366954195.929008,88.0,132244.0,5366954195.929079,836.0,88.0,1165.7768536579997,1788984720.2980843,166.0,88.0,1165.776853658,5366954195.929164,0.0
944518358783,1788985059441588954,17765.0,0.0,2066.0,1.0,17024446464.0,1846308864.0,1788984670.17,31.02,63.0,1048576.0,0.0,1788984720.1228452,0.0,1788984720.122876,0.0,1788984720.1228964,0.0,0.0,0.0,1.0,0.0,2052919.0,1788984720.123118,695072.0,1788984720.1231363,1357847.0,1788984720.1231527,0.0,1788984720.1231701,0.0,1788984720.1231909,0.0,1788984720.12321,0.0,1788984720.1232266,2052919.0,1788984720.1232803,2052919.0,5366954160.369929,695072.0,1788984720.1233325,895.0,1788984720.12335,76.0,8944923600.616976,84.0,76.0,2052919.0,1788984720.1234593,1061.0,76.0,895.0,1788984720.1235328,10385.0,817.0,2053814.0,1788984720.1235816,1061.0,76.0,895.0,1788984720.1236355,456.0,76.0,76.0,1788984720.1236787,1053.0,76.0,1877.0,1788984720.1237156,752.0,76.0,1135.0558595657349,1788984720.123771,14750.0,819.0,28.92432755499999,1788984720.1239083,1486.0,76.0,0.5511312438120588,1788984720.123963,1106.0,76.0,1163.9738459587097,1788984720.1240208,1206.0,76.0,831.9198963910005,1788984720.124081,1233.0,76.0,307.9345809669993,1788984720.124134,1280.0,76.0,279.0102534119993,1788984720.1241984,1626.0,76.0,28.92432755499999,1788984720.1242516,275.0,76.0,1357847.0,1788984720.1243124,1.0,89.0,5366954195.928939,89.0,15337693.0,5366954195.929008,89.0,132244.0,5366954195.929079,854.0,89.0,1165.8526306019999,1788984720.2980843,170.0,89.0,1165.852630602,5366954195.929164,0.0
945027723932,1788985059950954224,17765.0,0.0,2066.0,1.0,17024446464.0,1846308864.0,1788984670.17,31.03,63.0,1048576.0,0.0,1788984720.1228452,0.0,1788984720.122876,0.0,1788984720.1228964,0.0,0.0,0.0,1.0,0.0,2052919.0,1788984720.123118,695072.0,1788984720.1231363,1357847.0,1788984720.1231527,0.0,1788984720.1231701,0.0,1788984720.1231909,0.0,1788984720.12321,0.0,1788984720.1232266,2052919.0,1788984720.1232803,2052919.0,5366954160.369929,695072.0,1788984720.1233325,895.0,1788984720.12335,76.0,8944923600.616976,84.0,76.0,2052919.0,1788984720.1234593,1061.0,76.0,895.0,1788984720.1235328,10385.0,817.0,2053814.0,1788984720.1235816,1061.0,76.0,895.0,1788984720.1236355,456.0,76.0,76.0,1788984720.1236787,1053.0,76.0,1877.0,1788984720.1237156,752.0,76.0,1135.0558595657349,1788984720.123771,14750.0,819.0,28.92432755499999,1788984720.1239083,1486.0,76.0,0.5511312438120588,1788984720.123963,1106.0,76.0,1163.9738459587097,1788984720.1240208,1206.0,76.0,831.9198963910005,1788984720.124081,1233.0,76.0,307.9345809669993,1788984720.124134,1280.0,76.0,279.0102534119993,1788984720.1241984,1626.0,76.0,28.92432755499999,1788984720.1242516,275.0,76.0,1357847.0,1788984720.1243124,1.0,89.0,5366954195.928939,89.0,15337693.0,5366954195.929008,89.0,132244.0,5366954195.929079,854.0,89.0,1165.8526306019999,1788984720.2980843,170.0,89.0,1165.852630602,5366954195.929164,0.0
945549521350,1788985060472751550,17765.0,0.0,2066.0,1.0,17024446464.0,1846308864.0,1788984670.17,31.04,63.0,1048576.0,0.0,1788984720.1228452,0.0,1788984720.122876,0.0,1788984720.1228964,0.0,0.0,0.0,1.0,0.0,2052919.0,1788984720.123118,695072.0,1788984720.1231363,1357847.0,1788984720.1231527,0.0,1788984720.1231701,0.0,1788984720.1231909,0.0,1788984720.12321,0.0,1788984720.1232266,2052919.0,1788984720.1232803,2052919.0,5366954160.369929,695072.0,1788984720.1233325,895.0,1788984720.12335,76.0,8944923600.616976,84.0,76.0,2052919.0,1788984720.1234593,1061.0,76.0,895.0,1788984720.1235328,10385.0,817.0,2053814.0,1788984720.1235816,1061.0,76.0,895.0,1788984720.1236355,456.0,76.0,76.0,1788984720.1236787,1053.0,76.0,1877.0,1788984720.1237156,752.0,76.0,1135.0558595657349,1788984720.123771,14750.0,819.0,28.92432755499999,1788984720.1239083,1486.0,76.0,0.5511312438120588,1788984720.123963,1106.0,76.0,1163.9738459587097,1788984720.1240208,1206.0,76.0,831.9198963910005,1788984720.124081,1233.0,76.0,307.9345809669993,1788984720.124134,1280.0,76.0,279.0102534119993,1788984720.1241984,1626.0,76.0,28.92432755499999,1788984720.1242516,275.0,76.0,1357847.0,1788984720.1243124,1.0,89.0,5366954195.928939,89.0,15337693.0,5366954195.929008,89.0,132244.0,5366954195.929079,854.0,89.0,1165.8526306019999,1788984720.2980843,170.0,89.0,1165.852630602,5366954195.929164,0.0
946058650354,1788985060981880815,17765.0,0.0,2066.0,1.0,17024446464.0,1846308864.0,1788984670.17,31.04,63.0,1048576.0,0.0,1788984720.1228452,0.0,1788984720.122876,0.0,1788984720.1228964,0.0,0.0,0.0,1.0,0.0,2052919.0,1788984720.123118,695072.0,1788984720.1231363,1357847.0,1788984720.1231527,0.0,1788984720.1231701,0.0,1788984720.1231909,0.0,1788984720.12321,0.0,1788984720.1232266,2052919.0,1788984720.1232803,2052919.0,5366954160.369929,695072.0,1788984720.1233325,895.0,1788984720.12335,76.0,8944923600.616976,84.0,76.0,2052919.0,1788984720.1234593,1061.0,76.0,895.0,1788984720.1235328,10385.0,817.0,2053814.0,1788984720.1235816,1061.0,76.0,895.0,1788984720.1236355,456.0,76.0,76.0,1788984720.1236787,1053.0,76.0,1877.0,1788984720.1237156,752.0,76.0,1135.0558595657349,1788984720.123771,14750.0,819.0,28.92432755499999,1788984720.1239083,1486.0,76.0,0.5511312438120588,1788984720.123963,1106.0,76.0,1163.9738459587097,1788984720.1240208,1206.0,76.0,831.9198963910005,1788984720.124081,1233.0,76.0,307.9345809669993,1788984720.124134,1280.0,76.0,279.0102534119993,1788984720.1241984,1626.0,76.0,28.92432755499999,1788984720.1242516,275.0,76.0,1357847.0,1788984720.1243124,1.0,89.0,5366954195.928939,89.0,15337693.0,5366954195.929008,89.0,132244.0,5366954195.929079,854.0,89.0,1165.8526306019999,1788984720.2980843,170.0,89.0,1165.852630602,5366954195.929164,0.0
946567929712,1788985061491159982,17765.0,0.0,2066.0,1.0,17024446464.0,1846308864.0,1788984670.17,31.05,63.0,1048576.0,0.0,1788984720.1228452,0.0,1788984720.122876,0.0,1788984720.1228964,0.0,0.0,0.0,1.0,0.0,2052919.0,1788984720.123118,695072.0,1788984720.1231363,1357847.0,1788984720.1231527,0.0,1788984720.1231701,0.0,1788984720.1231909,0.0,1788984720.12321,0.0,1788984720.1232266,2052919.0,1788984720.1232803,2052919.0,5366954160.369929,695072.0,1788984720.1233325,895.0,1788984720.12335,76.0,8944923600.616976,84.0,76.0,2052919.0,1788984720.1234593,1061.0,76.0,895.0,1788984720.1235328,10385.0,817.0,2053814.0,1788984720.1235816,1061.0,76.0,895.0,1788984720.1236355,456.0,76.0,76.0,1788984720.1236787,1053.0,76.0,1877.0,1788984720.1237156,752.0,76.0,1135.0558595657349,1788984720.123771,14750.0,819.0,28.92432755499999,1788984720.1239083,1486.0,76.0,0.5511312438120588,1788984720.123963,1106.0,76.0,1163.9738459587097,1788984720.1240208,1206.0,76.0,831.9198963910005,1788984720.124081,1233.0,76.0,307.9345809669993,1788984720.124134,1280.0,76.0,279.0102534119993,1788984720.1241984,1626.0,76.0,28.92432755499999,1788984720.1242516,275.0,76.0,1357847.0,1788984720.1243124,1.0,89.0,5366954195.928939,89.0,15337693.0,5366954195.929008,89.0,132244.0,5366954195.929079,854.0,89.0,1165.8526306019999,1788984720.2980843,170.0,89.0,1165.852630602,5366954195.929164,0.0
947077533068,1788985062000763309,17765.0,0.0,2066.0,1.0,17024446464.0,1846308864.0,1788984670.17,31.060000000000002,63.0,1048576.0,0.0,1788984720.1228452,0.0,1788984720.122876,0.0,1788984720.1228964,0.0,0.0,0.0,1.0,0.0,2052919.0,1788984720.123118,695072.0,1788984720.1231363,1357847.0,1788984720.1231527,0.0,1788984720.1231701,0.0,1788984720.1231909,0.0,1788984720.12321,0.0,1788984720.1232266,2052919.0,1788984720.1232803,2052919.0,5366954160.369929,695072.0,1788984720.1233325,895.0,1788984720.12335,76.0,8944923600.616976,84.0,76.0,2052919.0,1788984720.1234593,1061.0,76.0,895.0,1788984720.1235328,10385.0,817.0,2053814.0,1788984720.1235816,1061.0,76.0,895.0,1788984720.1236355,456.0,76.0,76.0,1788984720.1236787,1053.0,76.0,1877.0,1788984720.1237156,752.0,76.0,1135.0558595657349,1788984720.123771,14750.0,819.0,28.92432755499999,1788984720.1239083,1486.0,76.0,0.5511312438120588,1788984720.123963,1106.0,76.0,1163.9738459587097,1788984720.1240208,1206.0,76.0,831.9198963910005,1788984720.124081,1233.0,76.0,307.9345809669993,1788984720.124134,1280.0,76.0,279.0102534119993,1788984720.1241984,1626.0,76.0,28.92432755499999,1788984720.1242516,275.0,76.0,1357847.0,1788984720.1243124,1.0,89.0,5366954195.928939,89.0,15337693.0,5366954195.929008,89.0,132244.0,5366954195.929079,854.0,89.0,1165.8526306019999,1788984720.2980843,170.0,89.0,1165.852630602,5366954195.929164,0.0
947587154279,1788985062510384710,17765.0,0.0,2066.0,1.0,17024446464.0,1846308864.0,1788984670.17,31.060000000000002,63.0,1048576.0,0.0,1788984720.1228452,0.0,1788984720.122876,0.0,1788984720.1228964,0.0,0.0,0.0,1.0,0.0,2052919.0,1788984720.123118,695072.0,1788984720.1231363,1357847.0,1788984720.1231527,0.0,1788984720.1231701,0.0,1788984720.1231909,0.0,1788984720.12321,0.0,1788984720.1232266,2052919.0,1788984720.1232803,2052919.0,5366954160.369929,695072.0,1788984720.1233325,895.0,1788984720.12335,76.0,8944923600.616976,84.0,76.0,2052919.0,1788984720.1234593,1061.0,76.0,895.0,1788984720.1235328,10385.0,817.0,2053814.0,1788984720.1235816,1061.0,76.0,895.0,1788984720.1236355,456.0,76.0,76.0,1788984720.1236787,1053.0,76.0,1877.0,1788984720.1237156,752.0,76.0,1135.0558595657349,1788984720.123771,14750.0,819.0,28.92432755499999,1788984720.1239083,1486.0,76.0,0.5511312438120588,1788984720.123963,1106.0,76.0,1163.9738459587097,1788984720.1240208,1206.0,76.0,831.9198963910005,1788984720.124081,1233.0,76.0,307.9345809669993,1788984720.124134,1280.0,76.0,279.0102534119993,1788984720.1241984,1626.0,76.0,28.92432755499999,1788984720.1242516,275.0,76.0,1357847.0,1788984720.1243124,1.0,89.0,5366954195.928939,89.0,15337693.0,5366954195.929008,89.0,132244.0,5366954195.929079,854.0,89.0,1165.8526306019999,1788984720.2980843,170.0,89.0,1165.852630602,5366954195.929164,0.0
948097504871,1788985063020735182,17765.0,0.0,2066.0,1.0,17024446464.0,1846308864.0,1788984670.17,31.1,63.0,1048576.0,0.0,1788984720.1228452,0.0,1788984720.122876,0.0,1788984720.1228964,1.0,0.0,0.0,1.0,0.028867517824573086,2080750.0,1788984720.123118,722736.0,1788984720.1231363,1358014.0,1788984720.1231527,0.0,1788984720.1231701,0.0,1788984720.1231909,0.0,1788984720.12321,0.0,1788984720.1232266,2080750.0,1788984720.1232803,2080750.0,5366954160.369929,722736.0,1788984720.1233325,907.0,1788984720.12335,76.0,8944923600.616976,84.0,76.0,2052919.0,1788984720.1234593,1061.0,76.0,895.0,1788984720.1235328,10540.0,829.0,2081657.0,1788984720.1235816,1061.0,76.0,895.0,1788984720.1236355,456.0,76.0,76.0,1788984720.1236787,1053.0,76.0,1877.0,1788984720.1237156,768.0,77.0,1135.1388838291168,1788984720.123771,14948.0,830.0,29.292291858999988,1788984720.1239083,1486.0,76.0,0.5511312438120588,1788984720.123963,1106.0,76.0,1163.9738459587097,1788984720.1240208,1206.0,76.0,831.9198963910005,1788984720.124081,1233.0,76.0,307.9345809669993,1788984720.124134,1280.0,76.0,279.0102534119993,1788984720.1241984,1626.0,76.0,28.92432755499999,1788984720.1242516,275.0,76.0,1357847.0,1788984720.1243124,1.0,89.0,5366954195.928939,89.0,15337693.0,5366954195.929008,89.0,132244.0,5366954195.929079,854.0,89.0,1165.8526306019999,1788984720.2980843,170.0,89.0,1165.852630602,5366954195.929164,0.028867517824573086
948607243091,1788985063530473432,17765.0,0.0,2066.0,1.0,17024446464.0,1846308864.0,1788984670.17,31.12,63.0,1048576.0,0.0,1788984720.1228452,0.0,1788984720.122876,0.0,1788984720.1228964,1.0,0.0,0.0,1.0,0.028884098822749116,2080750.0,1788984720.123118,722736.0,1788984720.1231363,1358014.0,1788984720.1231527,0.0,1788984720.1231701,0.0,1788984720.1231909,0.0,1788984720.12321,0.0,1788984720.1232266,2080750.0,1788984720.1232803,2080750.0,5366954160.369929,722736.0,1788984720.1233325,922.0,1788984720.12335,76.0,8944923600.616976,84.0,76.0,2052919.0,1788984720.1234593,1061.0,76.0,895.0,1788984720.1235328,10750.0,844.0,2081672.0,1788984720.1235816,1061.0,76.0,895.0,1788984720.1236355,456.0,76.0,76.0,1788984720.1236787,1053.0,76.0,1877.0,1788984720.1237156,768.0,77.0,1135.1388838291168,1788984720.123771,15218.0,845.0,29.80270297499999,1788984720.1239083,1486.0,76.0,0.5511312438120588,1788984720.123963,1106.0,76.0,1163.9738459587097,1788984720.1240208,1206.0,76.0,831.9198963910005,1788984720.124081,1233.0,76.0,307.9345809669993,1788984720.124134,1280.0,76.0,279.0102534119993,1788984720.1241984,1626.0,76.0,28.92432755499999,1788984720.1242516,275.0,76.0,1357847.0,1788984720.1243124,1.0,89.0,5366954195.928939,89.0,15337693.0,5366954195.929008,89.0,132244.0,5366954195.929079,854.0,89.0,1165.8526306019999,1788984720.2980843,170.0,89.0,1165.852630602,5366954195.929164,0.028884098822749116
949117063396,1788985064040293577,17765.0,0.0,2066.0,1.0,17024446464.0,1846308864.0,1788984670.17,31.139999999999997,63.0,1048576.0,0.0,1788984720.1228452,0.0,1788984720.122876,0.0,1788984720.1228964,1.0,0.0,0.0,1.0,0.028900679820925257,2080750.0,1788984720.123118,722736.0,1788984720.1231363,1358014.0,1788984720.1231527,0.0,1788984720.1231701,0.0,1788984720.1231909,0.0,1788984720.12321,0.0,1788984720.1232266,2080750.0,1788984720.1232803,2080750.0,5366954160.369929,722736.0,1788984720.1233325,938.0,1788984720.12335,76.0,8944923600.616976,84.0,76.0,2052919.0,1788984720.1234593,1061.0,76.0,895.0,1788984720.1235328,10974.0,860.0,2081688.0,1788984720.1235816,1061.0,76.0,895.0,1788984720.1236355,456.0,76.0,76.0,1788984720.1236787,1053.0,76.0,1877.0,1788984720.1237156,768.0,77.0,1135.1388838291168,1788984720.123771,15506.0,861.0,30.33342170800006,1788984720.1239083,1486.0,76.0,0.5511312438120588,1788984720.123963,1106.0,76.0,1163.9738459587097,1788984720.1240208,1206.0,76.0,831.9198963910005,1788984720.124081,1233.0,76.0,307.9345809669993,1788984720.124134,1280.0,76.0,279.0102534119993,1788984720.1241984,1626.0,76.0,28.92432755499999,1788984720.1242516,275.0,76.0,1357847.0,1788984720.1243124,1.0,89.0,5366954195.928939,89.0,15337693.0,5366954195.929008,89.0,132244.0,5366954195.929079,854.0,89.0,1165.8526306019999,1788984720.2980843,170.0,89.0,1165.852630602,5366954195.929164,0.028900679820925257
949626969332,1788985064550200955,17765.0,0.0,2066.0,1.0,17024446464.0,1846308864.0,1788984670.17,31.15,63.0,1048576.0,0.0,1788984720.1228452,0.0,1788984720.122876,0.0,1788984720.1228964,1.0,0.0,0.0,1.0,0.028917260819101287,2080750.0,1788984720.123118,722736.0,1788984720.1231363,1358014.0,1788984720.1231527,0.0,1788984720.1231701,0.0,1788984720.1231909,0.0,1788984720.12321,0.0,1788984720.1232266,2080750.0,1788984720.1232803,2080750.0,5366954160.369929,722736.0,1788984720.1233325,953.0,1788984720.12335,76.0,8944923600.616976,84.0,76.0,2052919.0,1788984720.1234593,1061.0,76.0,895.0,1788984720.1235328,11184.0,875.0,2081703.0,1788984720.1235816,1061.0,76.0,895.0,1788984720.1236355,456.0,76.0,76.0,1788984720.1236787,1053.0,76.0,1877.0,1788984720.1237156,768.0,77.0,1135.1388838291168,1788984720.123771,15776.0,876.0,30.840087440000048,1788984720.1239083,1486.0,76.0,0.5511312438120588,1788984720.123963,1106.0,76.0,1163.9738459587097,1788984720.1240208,1206.0,76.0,831.9198963910005,1788984720.124081,1233.0,76.0,307.9345809669993,1788984720.124134,1280.0,76.0,279.0102534119993,1788984720.1241984,1626.0,76.0,28.92432755499999,1788984720.1242516,275.0,76.0,1357847.0,1788984720.1243124,1.0,89.0,5366954195.928939,89.0,15337693.0,5366954195.929008,89.0,132244.0,5366954195.929079,854.0,89.0,1165.8526306019999,1788984720.2980843,170.0,89.0,1165.852630602,5366954195.929164,0.028917260819101287
950136750513,1788985065059981115,17765.0,0.0,2066.0,1.0,17024446464.0,1846308864.0,1788984670.17,31.22,63.0,1048576.0,0.0,1788984720.1228452,0.0,1788984720.122876,0.0,1788984720.1228964,1.0,0.0,0.0,1.0,0.02664566406897695,2134035.0,1788984720.123118,775760.0,1788984720.1231363,1358275.0,1788984720.1231527,0.0,1788984720.1231701,0.0,1788984720.1231909,0.0,1788984720.12321,0.0,1788984720.1232266,2134035.0,1788984720.1232803,2134035.0,5366954160.369929,775760.0,1788984720.1233325,960.0,1788984720.12335,78.0,8944923600.616976,86.0,78.0,2108331.0,1788984720.1234593,1085.0,78.0,958.0,1788984720.1235328,11256.0,882.0,2134995.0,1788984720.1235816,1085.0,78.0,958.0,1788984720.1236355,468.0,78.0,78.0,1788984720.1236787,1077.0,78.0,1940.0,1788984720.1237156,803.0,79.0,1135.267715215683,1788984720.123771,15868.0,881.0,30.973282626000014,1788984720.1239083,1524.0,78.0,0.5841869352546823,1788984720.123963,1144.0,78.0,1166.1235237121582,1788984720.1240208,1250.0,78.0,831.9199247250004,1788984720.124081,1271.0,78.0,310.06576990299936,1788984720.124134,1324.0,78.0,279.12504516999934,1788984720.1241984,1664.0,78.0,30.940724733000025,1788984720.1242516,292.0,78.0,1358107.0,1788984720.1243124,1.0,91.0,5366954195.928939,91.0,15750995.0,5366954195.929008,91.0,132244.0,5366954195.929079,883.0,91.0,1168.0331663430002,1788984720.2980843,175.0,91.0,1168.0331663430004,5366954195.929164,0.02664566406897695
950646576549,1788985065569807090,17765.0,0.0,2066.0,1.0,17024446464.0,1846308864.0,1788984670.17,31.23,63.0,1048576.0,0.0,1788984720.1228452,0.0,1788984720.122876,0.0,1788984720.1228964,1.0,0.0,0.0,1.0,0.02666224506715309,2134035.0,1788984720.123118,775760.0,1788984720.1231363,1358275.0,1788984720.1231527,0.0,1788984720.1231701,0.0,1788984720.1231909,0.0,1788984720.12321,0.0,1788984720.1232266,2134035.0,1788984720.1232803,2134035.0,5366954160.369929,775760.0,1788984720.1233325,975.0,1788984720.12335,78.0,8944923600.616976,86.0,78.0,2108331.0,1788984720.1234593,1085.0,78.0,958.0,1788984720.1235328,11466.0,897.0,2135010.0,1788984720.1235816,1085.0,78.0,958.0,1788984720.1236355,468.0,78.0,78.0,1788984720.1236787,1077.0,78.0,1940.0,1788984720.1237156,803.0,79.0,1135.267715215683,1788984720.123771,16138.0,896.0,31.48014283400005,1788984720.1239083,1524.0,78.0,0.5841869352546823,1788984720.123963,1144.0,78.0,1166.1235237121582,1788984720.1240208,1250.0,78.0,831.9199247250004,1788984720.124081,1271.0,78.0,310.06576990299936,1788984720.124134,1324.0,78.0,279.12504516999934,1788984720.1241984,1664.0,78.0,30.940724733000025,1788984720.1242516,292.0,78.0,1358107.0,1788984720.1243124,1.0,91.0,5366954195.928939,91.0,15750995.0,5366954195.929008,91.0,132244.0,5366954195.929079,883.0,91.0,1168.0331663430002,1788984720.2980843,175.0,91.0,1168.0331663430004,5366954195.929164,0.02666224506715309
951155990298,1788985066079220840,17765.0,0.0,2066.0,1.0,17024446464.0,1846308864.0,1788984670.17,31.240000000000002,63.0,1048576.0,0.0,1788984720.1228452,0.0,1788984720.122876,0.0,1788984720.1228964,1.0,0.0,0.0,1.0,0.02667882606532912,2134035.0,1788984720.123118,775760.0,1788984720.1231363,1358275.0,1788984720.1231527,0.0,1788984720.1231701,0.0,1788984720.1231909,0.0,1788984720.12321,0.0,1788984720.1232266,2134035.0,1788984720.1232803,2134035.0,5366954160.369929,775760.0,1788984720.1233325,990.0,1788984720.12335,78.0,8944923600.616976,86.0,78.0,2108331.0,1788984720.1234593,1085.0,78.0,958.0,1788984720.1235328,11676.0,912.0,2135025.0,1788984720.1235816,1085.0,78.0,958.0,1788984720.1236355,468.0,78.0,78.0,1788984720.1236787,1077.0,78.0,1940.0,1788984720.1237156,803.0,79.0,1135.267715215683,1788984720.123771,16408.0,911.0,31.99448823299997,1788984720.1239083,1524.0,78.0,0.5841869352546823,1788984720.123963,1144.0,78.0,1166.1235237121582,1788984720.1240208,1250.0,78.0,831.9199247250004,1788984720.124081,1271.0,78.0,310.06576990299936,1788984720.124134,1324.0,78.0,279.12504516999934,1788984720.1241984,1664.0,78.0,30.940724733000025,1788984720.1242516,292.0,78.0,1358107.0,1788984720.1243124,1.0,91.0,5366954195.928939,91.0,15750995.0,5366954195.929008,91.0,132244.0,5366954195.929079,883.0,91.0,1168.0331663430002,1788984720.2980843,175.0,91.0,1168.0331663430004,5366954195.929164,0.02667882606532912
951665593320,1788985066588823631,17765.0,0.0,2066.0,1.0,17024446464.0,1846308864.0,1788984670.17,31.25,63.0,1048576.0,0.0,1788984720.1228452,0.0,1788984720.122876,0.0,1788984720.1228964,0.0,0.0,0.0,1.0,0.0,2134035.0,1788984720.123118,775760.0,1788984720.1231363,1358275.0,1788984720.1231527,0.0,1788984720.1231701,0.0,1788984720.1231909,0.0,1788984720.12321,0.0,1788984720.1232266,2134035.0,1788984720.1232803,2134035.0,5366954160.369929,775760.0,1788984720.1233325,993.0,1788984720.12335,79.0,8944923600.616976,87.0,79.0,2134035.0,1788984720.1234593,1095.0,79.0,993.0,1788984720.1235328,11718.0,915.0,2135028.0,1788984720.1235816,1095.0,79.0,993.0,1788984720.1236355,474.0,79.0,79.0,1788984720.1236787,1087.0,79.0,1975.0,1788984720.1237156,803.0,79.0,1135.267715215683,1788984720.123771,16464.0,914.0,32.066577792999965,1788984720.1239083,1542.0,79.0,0.6173002605487983,1788984720.123963,1162.0,79.0,1167.3276512622833,1788984720.1240208,1272.0,79.0,831.9199363370004,1788984720.124081,1289.0,79.0,311.2616984859993,1788984720.124134,1346.0,79.0,279.19512069299935,1788984720.1241984,1682.0,79.0,32.066577792999965,1788984720.1242516,300.0,79.0,1358275.0,1788984720.1243124,1.0,92.0,5366954195.928939,92.0,15942726.0,5366954195.929008,92.0,132244.0,5366954195.929079,896.0,92.0,1169.2418519100002,1788984720.2980843,176.0,92.0,1169.2418519100004,5366954195.929164,0.0
952175065208,1788985067098295459,17765.0,0.0,2066.0,1.0,17024446464.0,1846308864.0,1788984670.17,31.25,63.0,1048576.0,0.0,1788984720.1228452,0.0,1788984720.122876,0.0,1788984720.1228964,0.0,0.0,0.0,1.0,0.0,2134035.0,1788984720.123118,775760.0,1788984720.1231363,1358275.0,1788984720.1231527,0.0,1788984720.1231701,0.0,1788984720.1231909,0.0,1788984720.12321,0.0,1788984720.1232266,2134035.0,1788984720.1232803,2134035.0,5366954160.369929,775760.0,1788984720.1233325,993.0,1788984720.12335,79.0,8944923600.616976,87.0,79.0,2134035.0,1788984720.1234593,1095.0,79.0,993.0,1788984720.1235328,11718.0,915.0,2135028.0,1788984720.1235816,1095.0,79.0,993.0,1788984720.1236355,474.0,79.0,79.0,1788984720.1236787,1087.0,79.0,1975.0,1788984720.1237156,803.0,79.0,1135.267715215683,1788984720.123771,16464.0,914.0,32.066577792999965,1788984720.1239083,1542.0,79.0,0.6173002605487983,1788984720.123963,1162.0,79.0,1167.3276512622833,1788984720.1240208,1272.0,79.0,831.9199363370004,1788984720.124081,1289.0,79.0,311.2616984859993,1788984720.124134,1346.0,79.0,279.19512069299935,1788984720.1241984,1682.0,79.0,32.066577792999965,1788984720.1242516,300.0,79.0,1358275.0,1788984720.1243124,1.0,92.0,5366954195.928939,92.0,15942726.0,5366954195.929008,92.0,132244.0,5366954195.929079,896.0,92.0,1169.2418519100002,1788984720.2980843,176.0,92.0,1169.2418519100004,5366954195.929164,0.0
952684598220,1788985067607828440,17765.0,0.0,2066.0,1.0,17024446464.0,1846308864.0,1788984670.17,31.26,63.0,1048576.0,0.0,1788984720.1228452,0.0,1788984720.122876,0.0,1788984720.1228964,0.0,0.0,0.0,1.0,0.0,2134035.0,1788984720.123118,775760.0,1788984720.1231363,1358275.0,1788984720.1231527,0.0,1788984720.1231701,0.0,1788984720.1231909,0.0,1788984720.12321,0.0,1788984720.1232266,2134035.0,1788984720.1232803,2134035.0,5366954160.369929,775760.0,1788984720.1233325,993.0,1788984720.12335,79.0,8944923600.616976,87.0,79.0,2134035.0,1788984720.1234593,1095.0,79.0,993.0,1788984720.1235328,11718.0,915.0,2135028.0,1788984720.1235816,1095.0,79.0,993.0,1788984720.1236355,474.0,79.0,79.0,1788984720.1236787,1087.0,79.0,1975.0,1788984720.1237156,803.0,79.0,1135.267715215683,1788984720.123771,16464.0,914.0,32.066577792999965,1788984720.1239083,1542.0,79.0,0.6173002605487983,1788984720.123963,1162.0,79.0,1167.3276512622833,1788984720.1240208,1272.0,79.0,831.9199363370004,1788984720.124081,1289.0,79.0,311.2616984859993,1788984720.124134,1346.0,79.0,279.19512069299935,1788984720.1241984,1682.0,79.0,32.066577792999965,1788984720.1242516,300.0,79.0,1358275.0,1788984720.1243124,1.0,92.0,5366954195.928939,92.0,15942726.0,5366954195.929008,92.0,132244.0,5366954195.929079,896.0,92.0,1169.2418519100002,1788984720.2980843,176.0,92.0,1169.2418519100004,5366954195.929164,0.0
953193524304,1788985068116754605,17765.0,0.0,2066.0,1.0,17024446464.0,1846308864.0,1788984670.17,31.27,63.0,1048576.0,0.0,1788984720.1228452,0.0,1788984720.122876,0.0,1788984720.1228964,0.0,0.0,0.0,1.0,0.0,2134035.0,1788984720.123118,775760.0,1788984720.1231363,1358275.0,1788984720.1231527,0.0,1788984720.1231701,0.0,1788984720.1231909,0.0,1788984720.12321,0.0,1788984720.1232266,2134035.0,1788984720.1232803,2134035.0,5366954160.369929,775760.0,1788984720.1233325,993.0,1788984720.12335,79.0,8944923600.616976,87.0,79.0,2134035.0,1788984720.1234593,1095.0,79.0,993.0,1788984720.1235328,11718.0,915.0,2135028.0,1788984720.1235816,1095.0,79.0,993.0,1788984720.1236355,474.0,79.0,79.0,1788984720.1236787,1087.0,79.0,1975.0,1788984720.1237156,803.0,79.0,1135.267715215683,1788984720.123771,16464.0,914.0,32.066577792999965,1788984720.1239083,1542.0,79.0,0.6173002605487983,1788984720.123963,1162.0,79.0,1167.3276512622833,1788984720.1240208,1272.0,79.0,831.9199363370004,1788984720.124081,1289.0,79.0,311.2616984859993,1788984720.124134,1346.0,79.0,279.19512069299935,1788984720.1241984,1682.0,79.0,32.066577792999965,1788984720.1242516,300.0,79.0,1358275.0,1788984720.1243124,1.0,92.0,5366954195.928939,92.0,15942726.0,5366954195.929008,92.0,132244.0,5366954195.929079,896.0,92.0,1169.2418519100002,1788984720.2980843,176.0,92.0,1169.2418519100004,5366954195.929164,0.0
953702128951,1788985068625359282,17765.0,0.0,2066.0,1.0,17024446464.0,1846308864.0,1788984670.17,31.27,63.0,1048576.0,0.0,1788984720.1228452,0.0,1788984720.122876,0.0,1788984720.1228964,0.0,0.0,0.0,1.0,0.0,2134035.0,1788984720.123118,775760.0,1788984720.1231363,1358275.0,1788984720.1231527,0.0,1788984720.1231701,0.0,1788984720.1231909,0.0,1788984720.12321,0.0,1788984720.1232266,2134035.0,1788984720.1232803,2134035.0,5366954160.369929,775760.0,1788984720.1233325,993.0,1788984720.12335,79.0,8944923600.616976,87.0,79.0,2134035.0,1788984720.1234593,1095.0,79.0,993.0,1788984720.1235328,11718.0,915.0,2135028.0,1788984720.1235816,1095.0,79.0,993.0,1788984720.1236355,474.0,79.0,79.0,1788984720.1236787,1087.0,79.0,1975.0,1788984720.1237156,803.0,79.0,1135.267715215683,1788984720.123771,16464.0,914.0,32.066577792999965,1788984720.1239083,1542.0,79.0,0.6173002605487983,1788984720.123963,1162.0,79.0,1167.3276512622833,1788984720.1240208,1272.0,79.0,831.9199363370004,1788984720.124081,1289.0,79.0,311.2616984859993,1788984720.124134,1346.0,79.0,279.19512069299935,1788984720.1241984,1682.0,79.0,32.066577792999965,1788984720.1242516,300.0,79.0,1358275.0,1788984720.1243124,1.0,92.0,5366954195.928939,92.0,15942726.0,5366954195.929008,92.0,132244.0,5366954195.929079,896.0,92.0,1169.2418519100002,1788984720.2980843,176.0,92.0,1169.2418519100004,5366954195.929164,0.0
954211427153,1788985069134657404,17765.0,0.0,2066.0,1.0,17024446464.0,1846308864.0,1788984670.17,31.28,63.0,1048576.0,0.0,1788984720.1228452,0.0,1788984720.122876,0.0,1788984720.1228964,0.0,0.0,0.0,1.0,0.0,2134035.0,1788984720.123118,775760.0,1788984720.1231363,1358275.0,1788984720.1231527,0.0,1788984720.1231701,0.0,1788984720.1231909,0.0,1788984720.12321,0.0,1788984720.1232266,2134035.0,1788984720.1232803,2134035.0,5366954160.369929,775760.0,1788984720.1233325,993.0,1788984720.12335,79.0,8944923600.616976,87.0,79.0,2134035.0,1788984720.1234593,1095.0,79.0,993.0,1788984720.1235328,11718.0,915.0,2135028.0,1788984720.1235816,1095.0,79.0,993.0,1788984720.1236355,474.0,79.0,79.0,1788984720.1236787,1087.0,79.0,1975.0,1788984720.1237156,803.0,79.0,1135.267715215683,1788984720.123771,16464.0,914.0,32.066577792999965,1788984720.1239083,1542.0,79.0,0.6173002605487983,1788984720.123963,1162.0,79.0,1167.3276512622833,1788984720.1240208,1272.0,79.0,831.9199363370004,1788984720.124081,1289.0,79.0,311.2616984859993,1788984720.124134,1346.0,79.0,279.19512069299935,1788984720.1241984,1682.0,79.0,32.066577792999965,1788984720.1242516,300.0,79.0,1358275.0,1788984720.1243124,1.0,92.0,5366954195.928939,92.0,15942726.0,5366954195.929008,92.0,132244.0,5366954195.929079,896.0,92.0,1169.2418519100002,1788984720.2980843,176.0,92.0,1169.2418519100004,5366954195.929164,0.0
954720714971,1788985069643945221,17765.0,0.0,2066.0,1.0,17024446464.0,1846308864.0,1788984670.17,31.28,63.0,1048576.0,0.0,1788984720.1228452,0.0,1788984720.122876,0.0,1788984720.1228964,0.0,0.0,0.0,1.0,0.0,2134035.0,1788984720.123118,775760.0,1788984720.1231363,1358275.0,1788984720.1231527,0.0,1788984720.1231701,0.0,1788984720.1231909,0.0,1788984720.12321,0.0,1788984720.1232266,2134035.0,1788984720.1232803,2134035.0,5366954160.369929,775760.0,1788984720.1233325,993.0,1788984720.12335,79.0,8944923600.616976,87.0,79.0,2134035.0,1788984720.1234593,1095.0,79.0,993.0,1788984720.1235328,11718.0,915.0,2135028.0,1788984720.1235816,1095.0,79.0,993.0,1788984720.1236355,474.0,79.0,79.0,1788984720.1236787,1087.0,79.0,1975.0,1788984720.1237156,803.0,79.0,1135.267715215683,1788984720.123771,16464.0,914.0,32.066577792999965,1788984720.1239083,1542.0,79.0,0.6173002605487983,1788984720.123963,1162.0,79.0,1167.3276512622833,1788984720.1240208,1272.0,79.0,831.9199363370004,1788984720.124081,1289.0,79.0,311.2616984859993,1788984720.124134,1346.0,79.0,279.19512069299935,1788984720.1241984,1682.0,79.0,32.066577792999965,1788984720.1242516,300.0,79.0,1358275.0,1788984720.1243124,1.0,92.0,5366954195.928939,92.0,15942726.0,5366954195.929008,92.0,132244.0,5366954195.929079,896.0,92.0,1169.2418519100002,1788984720.2980843,176.0,92.0,1169.2418519100004,5366954195.929164,0.0
955230481433,1788985070153711634,17765.0,0.0,2066.0,1.0,17024446464.0,1846308864.0,1788984670.17,31.29,63.0,1048576.0,0.0,1788984720.1228452,0.0,1788984720.122876,0.0,1788984720.1228964,0.0,0.0,0.0,1.0,0.0,2134035.0,1788984720.123118,775760.0,1788984720.1231363,1358275.0,1788984720.1231527,0.0,1788984720.1231701,0.0,1788984720.1231909,0.0,1788984720.12321,0.0,1788984720.1232266,2134035.0,1788984720.1232803,2134035.0,5366954160.369929,775760.0,1788984720.1233325,993.0,1788984720.12335,79.0,8944923600.616976,87.0,79.0,2134035.0,1788984720.1234593,1095.0,79.0,993.0,1788984720.1235328,11718.0,915.0,2135028.0,1788984720.1235816,1095.0,79.0,993.0,1788984720.1236355,474.0,79.0,79.0,1788984720.1236787,1087.0,79.0,1975.0,1788984720.1237156,803.0,79.0,1135.267715215683,1788984720.123771,16464.0,914.0,32.066577792999965,1788984720.1239083,1542.0,79.0,0.6173002605487983,1788984720.123963,1162.0,79.0,1167.3276512622833,1788984720.1240208,1272.0,79.0,831.9199363370004,1788984720.124081,1289.0,79.0,311.2616984859993,1788984720.124134,1346.0,79.0,279.19512069299935,1788984720.1241984,1682.0,79.0,32.066577792999965,1788984720.1242516,300.0,79.0,1358275.0,1788984720.1243124,1.0,92.0,5366954195.928939,92.0,15942726.0,5366954195.929008,92.0,132244.0,5366954195.929079,896.0,92.0,1169.2418519100002,1788984720.2980843,176.0,92.0,1169.2418519100004,5366954195.929164,0.0
955739900472,1788985070663130934,17765.0,0.0,2066.0,1.0,17024446464.0,1846308864.0,1788984670.17,31.330000000000002,63.0,1048576.0,0.0,1788984720.1228452,0.0,1788984720.122876,0.0,1788984720.1228964,1.0,0.0,0.0,1.0,0.027657104957718448,2160706.0,1788984720.123118,802304.0,1788984720.1231363,1358402.0,1788984720.1231527,0.0,1788984720.1231701,0.0,1788984720.1231909,0.0,1788984720.12321,0.0,1788984720.1232266,2160706.0,1788984720.1232803,2160706.0,5366954160.369929,802304.0,1788984720.1233325,1004.0,1788984720.12335,79.0,8944923600.616976,87.0,79.0,2134035.0,1788984720.1234593,1095.0,79.0,993.0,1788984720.1235328,11859.0,926.0,2161710.0,1788984720.1235816,1095.0,79.0,993.0,1788984720.1236355,474.0,79.0,79.0,1788984720.1236787,1087.0,79.0,1975.0,1788984720.1237156,819.0,80.0,1135.3527538776398,1788984720.123771,16644.0,924.0,32.41243204,1788984720.1239083,1542.0,79.0,0.6173002605487983,1788984720.123963,1162.0,79.0,1167.3276512622833,1788984720.1240208,1272.0,79.0,831.9199363370004,1788984720.124081,1289.0,79.0,311.2616984859993,1788984720.124134,1346.0,79.0,279.19512069299935,1788984720.1241984,1682.0,79.0,32.066577792999965,1788984720.1242516,300.0,79.0,1358275.0,1788984720.1243124,1.0,92.0,5366954195.928939,92.0,15942726.0,5366954195.929008,92.0,132244.0,5366954195.929079,896.0,92.0,1169.2418519100002,1788984720.2980843,176.0,92.0,1169.2418519100004,5366954195.929164,0.027657104957718448
956249117061,1788985071172347452,17765.0,0.0,2066.0,1.0,17024446464.0,1846308864.0,1788984670.17,31.34,63.0,1048576.0,0.0,1788984720.1228452,0.0,1788984720.122876,0.0,1788984720.1228964,1.0,0.0,0.0,1.0,0.02767368595589459,2160706.0,1788984720.123118,802304.0,1788984720.1231363,1358402.0,1788984720.1231527,0.0,1788984720.1231701,0.0,1788984720.1231909,0.0,1788984720.12321,0.0,1788984720.1232266,2160706.0,1788984720.1232803,2160706.0,5366954160.369929,802304.0,1788984720.1233325,1019.0,1788984720.12335,79.0,8944923600.616976,87.0,79.0,2134035.0,1788984720.1234593,1095.0,79.0,993.0,1788984720.1235328,12069.0,941.0,2161725.0,1788984720.1235816,1095.0,79.0,993.0,1788984720.1236355,474.0,79.0,79.0,1788984720.1236787,1087.0,79.0,1975.0,1788984720.1237156,819.0,80.0,1135.3527538776398,1788984720.123771,16914.0,939.0,32.920282888999964,1788984720.1239083,1542.0,79.0,0.6173002605487983,1788984720.123963,1162.0,79.0,1167.3276512622833,1788984720.1240208,1272.0,79.0,831.9199363370004,1788984720.124081,1289.0,79.0,311.2616984859993,1788984720.124134,1346.0,79.0,279.19512069299935,1788984720.1241984,1682.0,79.0,32.066577792999965,1788984720.1242516,300.0,79.0,1358275.0,1788984720.1243124,1.0,92.0,5366954195.928939,92.0,15942726.0,5366954195.929008,92.0,132244.0,5366954195.929079,896.0,92.0,1169.2418519100002,1788984720.2980843,176.0,92.0,1169.2418519100004,5366954195.929164,0.02767368595589459
956760808976,1788985071684039427,17765.0,0.0,2066.0,1.0,17024446464.0,1846308864.0,1788984670.17,31.36,63.0,1048576.0,0.0,1788984720.1228452,0.0,1788984720.122876,0.0,1788984720.1228964,0.0,0.0,0.0,1.0,0.0,2160706.0,1788984720.123118,802304.0,1788984720.1231363,1358402.0,1788984720.1231527,0.0,1788984720.1231701,0.0,1788984720.1231909,0.0,1788984720.12321,0.0,1788984720.1232266,2160706.0,1788984720.1232803,2160706.0,5366954160.369929,802304.0,1788984720.1233325,1021.0,1788984720.12335,80.0,8944923600.616976,88.0,80.0,2160706.0,1788984720.1234593,1105.0,80.0,1021.0,1788984720.1235328,12097.0,943.0,2161727.0,1788984720.1235816,1105.0,80.0,1021.0,1788984720.1236355,480.0,80.0,80.0,1788984720.1236787,1097.0,80.0,2003.0,1788984720.1237156,819.0,80.0,1135.3527538776398,1788984720.123771,16952.0,941.0,32.955155830999956,1788984720.1239083,1560.0,80.0,0.6502105582525016,1788984720.123963,1181.0,80.0,1168.3006987571716,1788984720.1240208,1294.0,80.0,831.9199580070004,1788984720.124081,1308.0,80.0,312.2253817199993,1788984720.124134,1368.0,80.0,279.27022588899933,1788984720.1241984,1701.0,80.0,32.955155830999956,1788984720.1242516,308.0,80.0,1358402.0,1788984720.1243124,1.0,93.0,5366954195.928939,93.0,16141758.0,5366954195.929008,93.0,132244.0,5366954195.929079,910.0,93.0,1170.2192773150002,1788984720.2980843,178.0,93.0,1170.2192773150005,5366954195.929164,0.0
957272113452,1788985072195343824,17765.0,0.0,2066.0,1.0,17024446464.0,1846308864.0,1788984670.17,31.4,63.0,1048576.0,0.0,1788984720.1228452,0.0,1788984720.122876,0.0,1788984720.1228964,0.0,0.0,0.0,1.0,0.0,2186918.0,1788984720.123118,828464.0,1788984720.1231363,1358454.0,1788984720.1231527,0.0,1788984720.1231701,0.0,1788984720.1231909,0.0,1788984720.12321,0.0,1788984720.1232266,2186918.0,1788984720.1232803,2186918.0,5366954160.369929,828464.0,1788984720.1233325,1036.0,1788984720.12335,81.0,8944923600.616976,89.0,81.0,2186918.0,1788984720.1234593,1116.0,81.0,1036.0,1788984720.1235328,12294.0,958.0,2187954.0,1788984720.1235816,1116.0,81.0,1036.0,1788984720.1236355,486.0,81.0,81.0,1788984720.1236787,1108.0,81.0,2018.0,1788984720.1237156,835.0,81.0,1135.4343004226685,1788984720.123771,17206.0,955.0,33.39385276099995,1788984720.1239083,1578.0,81.0,0.6815460532525011,1788984720.123963,1201.0,81.0,1168.82142496109,1788984720.1240208,1316.0,81.0,831.9199779450005,1788984720.124081,1328.0,81.0,312.7363421689993,1788984720.124134,1390.0,81.0,279.3424894079993,1788984720.1241984,1722.0,81.0,33.39385276099995,1788984720.1242516,317.0,81.0,1358454.0,1788984720.1243124,1.0,94.0,5366954195.928939,94.0,16337151.0,5366954195.929008,94.0,132244.0,5366954195.929079,925.0,94.0,1170.7449083010001,1788984720.2980843,180.0,94.0,1170.7449083010004,5366954195.929164,0.0
957782402388,1788985072705632689,17765.0,0.0,2066.0,1.0,17024446464.0,1846308864.0,1788984670.17,31.439999999999998,63.0,1048576.0,0.0,1788984720.1228452,0.0,1788984720.122876,0.0,1788984720.1228964,0.0,0.0,0.0,1.0,0.0,2215542.0,1788984720.123118,856848.0,1788984720.1231363,1358694.0,1788984720.1231527,0.0,1788984720.1231701,0.0,1788984720.1231909,0.0,1788984720.12321,0.0,1788984720.1232266,2215542.0,1788984720.1232803,2215542.0,5366954160.369929,856848.0,1788984720.1233325,1037.0,1788984720.12335,82.0,8944923600.616976,90.0,82.0,2215542.0,1788984720.1234593,1131.0,82.0,1037.0,1788984720.1235328,12295.0,959.0,2216579.0,1788984720.1235816,1131.0,82.0,1037.0,1788984720.1236355,492.0,82.0,82.0,1788984720.1236787,1123.0,82.0,2019.0,1788984720.1237156,852.0,82.0,1135.5132520198822,1788984720.123771,17206.0,955.0,33.39385276099995,1788984720.1239083,1598.0,82.0,0.6815460532525011,1788984720.123963,1223.0,82.0,1168.9003765583038,1788984720.1240208,1338.0,82.0,831.9199907290005,1788984720.124081,1350.0,82.0,312.80659661899927,1788984720.124134,1412.0,82.0,279.4127438579993,1788984720.1241984,1744.0,82.0,33.39385276099995,1788984720.1242516,324.0,82.0,1358694.0,1788984720.1243124,1.0,95.0,5366954195.928939,95.0,16550546.0,5366954195.929008,95.0,132244.0,5366954195.929079,942.0,95.0,1170.853410105,1788984720.2980843,183.0,95.0,1170.8534101050002,5366954195.929164,0.0
958292236508,1788985073215466799,17765.0,0.0,2066.0,1.0,17024446464.0,1846308864.0,1788984670.17,31.439999999999998,63.0,1048576.0,0.0,1788984720.1228452,0.0,1788984720.122876,0.0,1788984720.1228964,0.0,0.0,0.0,1.0,0.0,2215542.0,1788984720.123118,856848.0,1788984720.1231363,1358694.0,1788984720.1231527,0.0,1788984720.1231701,0.0,1788984720.1231909,0.0,1788984720.12321,0.0,1788984720.1232266,2215542.0,1788984720.1232803,2215542.0,5366954160.369929,856848.0,1788984720.1233325,1037.0,1788984720.12335,82.0,8944923600.616976,90.0,82.0,2215542.0,1788984720.1234593,1131.0,82.0,1037.0,1788984720.1235328,12295.0,959.0,2216579.0,1788984720.1235816,1131.0,82.0,1037.0,1788984720.1236355,492.0,82.0,82.0,1788984720.1236787,1123.0,82.0,2019.0,1788984720.1237156,852.0,82.0,1135.5132520198822,1788984720.123771,17206.0,955.0,33.39385276099995,1788984720.1239083,1598.0,82.0,0.6815460532525011,1788984720.123963,1223.0,82.0,1168.9003765583038,1788984720.1240208,1338.0,82.0,831.9199907290005,1788984720.124081,1350.0,82.0,312.80659661899927,1788984720.124134,1412.0,82.0,279.4127438579993,1788984720.1241984,1744.0,82.0,33.39385276099995,1788984720.1242516,324.0,82.0,1358694.0,1788984720.1243124,1.0,95.0,5366954195.928939,95.0,16550546.0,5366954195.929008,95.0,132244.0,5366954195.929079,942.0,95.0,1170.853410105,1788984720.2980843,183.0,95.0,1170.8534101050002,5366954195.929164,0.0
958801997881,1788985073725228052,17765.0,0.0,2066.0,1.0,17024446464.0,1846308864.0,1788984670.17,31.479999999999997,63.0,1048576.0,0.0,1788984720.1228452,0.0,1788984720.122876,0.0,1788984720.1228964,0.0,0.0,0.0,1.0,0.0,2241917.0,1788984720.123118,883056.0,1788984720.1231363,1358861.0,1788984720.1231527,0.0,1788984720.1231701,0.0,1788984720.1231909,0.0,1788984720.12321,0.0,1788984720.1232266,2241917.0,1788984720.1232803,2241917.0,5366954160.369929,883056.0,1788984720.1233325,1038.0,1788984720.12335,83.0,8944923600.616976,91.0,83.0,2241917.0,1788984720.1234593,1146.0,83.0,1038.0,1788984720.1235328,12296.0,960.0,2242955.0,1788984720.1235816,1146.0,83.0,1038.0,1788984720.1236355,498.0,83.0,83.0,1788984720.1236787,1138.0,83.0,2020.0,1788984720.1237156,869.0,83.0,1135.5745096206665,1788984720.123771,17206.0,955.0,33.39385276099995,1788984720.1239083,1618.0,83.0,0.6815460532525011,1788984720.123963,1245.0,83.0,1168.9616341590881,1788984720.1240208,1360.0,83.0,831.9200132010004,1788984720.124081,1372.0,83.0,312.85893899399923,1788984720.124134,1434.0,83.0,279.4650862329993,1788984720.1241984,1766.0,83.0,33.39385276099995,1788984720.1242516,332.0,83.0,1358861.0,1788984720.1243124,1.0,96.0,5366954195.928939,96.0,16747098.0,5366954195.929008,96.0,132244.0,5366954195.929079,960.0,96.0,1170.940066359,1788984720.2980843,187.0,96.0,1170.9400663590002,5366954195.929164,0.0
959311837873,1788985074235068214,17765.0,0.0,2066.0,1.0,17024446464.0,1846308864.0,1788984670.17,31.479999999999997,63.0,1048576.0,0.0,1788984720.1228452,0.0,1788984720.122876,0.0,1788984720.1228964,0.0,0.0,0.0,1.0,0.0,2241917.0,1788984720.123118,883056.0,1788984720.1231363,1358861.0,1788984720.1231527,0.0,1788984720.1231701,0.0,1788984720.1231909,0.0,1788984720.12321,0.0,1788984720.1232266,2241917.0,1788984720.1232803,2241917.0,5366954160.369929,883056.0,1788984720.1233325,1038.0,1788984720.12335,83.0,8944923600.616976,91.0,83.0,2241917.0,1788984720.1234593,1146.0,83.0,1038.0,1788984720.1235328,12296.0,960.0,2242955.0,1788984720.1235816,1146.0,83.0,1038.0,1788984720.1236355,498.0,83.0,83.0,1788984720.1236787,1138.0,83.0,2020.0,1788984720.1237156,869.0,83.0,1135.5745096206665,1788984720.123771,17206.0,955.0,33.39385276099995,1788984720.1239083,1618.0,83.0,0.6815460532525011,1788984720.123963,1245.0,83.0,1168.9616341590881,1788984720.1240208,1360.0,83.0,831.9200132010004,1788984720.124081,1372.0,83.0,312.85893899399923,1788984720.124134,1434.0,83.0,279.4650862329993,1788984720.1241984,1766.0,83.0,33.39385276099995,1788984720.1242516,332.0,83.0,1358861.0,1788984720.1243124,1.0,96.0,5366954195.928939,96.0,16747098.0,5366954195.929008,96.0,132244.0,5366954195.929079,960.0,96.0,1170.940066359,1788984720.2980843,187.0,96.0,1170.9400663590002,5366954195.929164,0.0
959821016597,1788985074744246788,17765.0,0.0,2066.0,1.0,17024446464.0,1846308864.0,1788984670.17,31.490000000000002,63.0,1048576.0,0.0,1788984720.1228452,0.0,1788984720.122876,0.0,1788984720.1228964,0.0,0.0,0.0,1.0,0.0,2241917.0,1788984720.123118,883056.0,1788984720.1231363,1358861.0,1788984720.1231527,0.0,1788984720.1231701,0.0,1788984720.1231909,0.0,1788984720.12321,0.0,1788984720.1232266,2241917.0,1788984720.1232803,2241917.0,5366954160.369929,883056.0,1788984720.1233325,1038.0,1788984720.12335,83.0,8944923600.616976,91.0,83.0,2241917.0,1788984720.1234593,1146.0,83.0,1038.0,1788984720.1235328,12296.0,960.0,2242955.0,1788984720.1235816,1146.0,83.0,1038.0,1788984720.1236355,498.0,83.0,83.0,1788984720.1236787,1138.0,83.0,2020.0,1788984720.1237156,869.0,83.0,1135.5745096206665,1788984720.123771,17206.0,955.0,33.39385276099995,1788984720.1239083,1618.0,83.0,0.6815460532525011,1788984720.123963,1245.0,83.0,1168.9616341590881,1788984720.1240208,1360.0,83.0,831.9200132010004,1788984720.124081,1372.0,83.0,312.85893899399923,1788984720.124134,1434.0,83.0,279.4650862329993,1788984720.1241984,1766.0,83.0,33.39385276099995,1788984720.1242516,332.0,83.0,1358861.0,1788984720.1243124,1.0,96.0,5366954195.928939,96.0,16747098.0,5366954195.929008,96.0,132244.0,5366954195.929079,960.0,96.0,1170.940066359,1788984720.2980843,187.0,96.0,1170.9400663590002,5366954195.929164,0.0
960330650249,1788985075253880560,17765.0,0.0,2066.0,1.0,17024446464.0,1846308864.0,1788984670.17,31.490000000000002,63.0,1048576.0,0.0,1788984720.1228452,0.0,1788984720.122876,0.0,1788984720.1228964,0.0,0.0,0.0,1.0,0.0,2241917.0,1788984720.123118,883056.0,1788984720.1231363,1358861.0,1788984720.1231527,0.0,1788984720.1231701,0.0,1788984720.1231909,0.0,1788984720.12321,0.0,1788984720.1232266,2241917.0,1788984720.1232803,2241917.0,5366954160.369929,883056.0,1788984720.1233325,1038.0,1788984720.12335,83.0,8944923600.616976,91.0,83.0,2241917.0,1788984720.1234593,1146.0,83.0,1038.0,1788984720.1235328,12296.0,960.0,2242955.0,1788984720.1235816,1146.0,83.0,1038.0,1788984720.1236355,498.0,83.0,83.0,1788984720.1236787,1138.0,83.0,2020.0,1788984720.1237156,869.0,83.0,1135.5745096206665,1788984720.123771,17206.0,955.0,33.39385276099995,1788984720.1239083,1618.0,83.0,0.6815460532525011,1788984720.123963,1245.0,83.0,1168.9616341590881,1788984720.1240208,1360.0,83.0,831.9200132010004,1788984720.124081,1372.0,83.0,312.85893899399923,1788984720.124134,1434.0,83.0,279.4650862329993,1788984720.1241984,1766.0,83.0,33.39385276099995,1788984720.1242516,332.0,83.0,1358861.0,1788984720.1243124,1.0,96.0,5366954195.928939,96.0,16747098.0,5366954195.929008,96.0,132244.0,5366954195.929079,960.0,96.0,1170.940066359,1788984720.2980843,187.0,96.0,1170.9400663590002,5366954195.929164,0.0
960839549110,1788985075762779341,17765.0,0.0,2066.0,1.0,17024446464.0,1846308864.0,1788984670.17,31.5,63.0,1048576.0,0.0,1788984720.1228452,0.0,1788984720.122876,0.0,1788984720.1228964,0.0,0.0,0.0,1.0,0.0,2241917.0,1788984720.123118,883056.0,1788984720.1231363,1358861.0,1788984720.1231527,0.0,1788984720.1231701,0.0,1788984720.1231909,0.0,1788984720.12321,0.0,1788984720.1232266,2241917.0,1788984720.1232803,2241917.0,5366954160.369929,883056.0,1788984720.1233325,1038.0,1788984720.12335,83.0,8944923600.616976,91.0,83.0,2241917.0,1788984720.1234593,1146.0,83.0,1038.0,1788984720.1235328,12296.0,960.0,2242955.0,1788984720.1235816,1146.0,83.0,1038.0,1788984720.1236355,498.0,83.0,83.0,1788984720.1236787,1138.0,83.0,2020.0,1788984720.1237156,869.0,83.0,1135.5745096206665,1788984720.123771,17206.0,955.0,33.39385276099995,1788984720.1239083,1618.0,83.0,0.6815460532525011,1788984720.123963,1245.0,83.0,1168.9616341590881,1788984720.1240208,1360.0,83.0,831.9200132010004,1788984720.124081,1372.0,83.0,312.85893899399923,1788984720.124134,1434.0,83.0,279.4650862329993,1788984720.1241984,1766.0,83.0,33.39385276099995,1788984720.1242516,332.0,83.0,1358861.0,1788984720.1243124,1.0,96.0,5366954195.928939,96.0,16747098.0,5366954195.929008,96.0,132244.0,5366954195.929079,960.0,96.0,1170.940066359,1788984720.2980843,187.0,96.0,1170.9400663590002,5366954195.929164,0.0
961348739800,1788985076271970050,17765.0,0.0,2066.0,1.0,17024446464.0,1846308864.0,1788984670.17,31.509999999999998,63.0,1048576.0,0.0,1788984720.1228452,0.0,1788984720.122876,0.0,1788984720.1228964,0.0,0.0,0.0,1.0,0.0,2241917.0,1788984720.123118,883056.0,1788984720.1231363,1358861.0,1788984720.1231527,0.0,1788984720.1231701,0.0,1788984720.1231909,0.0,1788984720.12321,0.0,1788984720.1232266,2241917.0,1788984720.1232803,2241917.0,5366954160.369929,883056.0,1788984720.1233325,1038.0,1788984720.12335,83.0,8944923600.616976,91.0,83.0,2241917.0,1788984720.1234593,1146.0,83.0,1038.0,1788984720.1235328,12296.0,960.0,2242955.0,1788984720.1235816,1146.0,83.0,1038.0,1788984720.1236355,498.0,83.0,83.0,1788984720.1236787,1138.0,83.0,2020.0,1788984720.1237156,869.0,83.0,1135.5745096206665,1788984720.123771,17206.0,955.0,33.39385276099995,1788984720.1239083,1618.0,83.0,0.6815460532525011,1788984720.123963,1245.0,83.0,1168.9616341590881,1788984720.1240208,1360.0,83.0,831.9200132010004,1788984720.124081,1372.0,83.0,312.85893899399923,1788984720.124134,1434.0,83.0,279.4650862329993,1788984720.1241984,1766.0,83.0,33.39385276099995,1788984720.1242516,332.0,83.0,1358861.0,1788984720.1243124,1.0,96.0,5366954195.928939,96.0,16747098.0,5366954195.929008,96.0,132244.0,5366954195.929079,960.0,96.0,1170.940066359,1788984720.2980843,187.0,96.0,1170.9400663590002,5366954195.929164,0.0
961858263756,1788985076781494036,17765.0,0.0,2066.0,1.0,17024446464.0,1846308864.0,1788984670.17,31.509999999999998,63.0,1048576.0,0.0,1788984720.1228452,0.0,1788984720.122876,0.0,1788984720.1228964,0.0,0.0,0.0,1.0,0.0,2241917.0,1788984720.123118,883056.0,1788984720.1231363,1358861.0,1788984720.1231527,0.0,1788984720.1231701,0.0,1788984720.1231909,0.0,1788984720.12321,0.0,1788984720.1232266,2241917.0,1788984720.1232803,2241917.0,5366954160.369929,883056.0,1788984720.1233325,1038.0,1788984720.12335,83.0,8944923600.616976,91.0,83.0,2241917.0,1788984720.1234593,1146.0,83.0,1038.0,1788984720.1235328,12296.0,960.0,2242955.0,1788984720.1235816,1146.0,83.0,1038.0,1788984720.1236355,498.0,83.0,83.0,1788984720.1236787,1138.0,83.0,2020.0,1788984720.1237156,869.0,83.0,1135.5745096206665,1788984720.123771,17206.0,955.0,33.39385276099995,1788984720.1239083,1618.0,83.0,0.6815460532525011,1788984720.123963,1245.0,83.0,1168.9616341590881,1788984720.1240208,1360.0,83.0,831.9200132010004,1788984720.124081,1372.0,83.0,312.85893899399923,1788984720.124134,1434.0,83.0,279.4650862329993,1788984720.1241984,1766.0,83.0,33.39385276099995,1788984720.1242516,332.0,83.0,1358861.0,1788984720.1243124,1.0,96.0,5366954195.928939,96.0,16747098.0,5366954195.929008,96.0,132244.0,5366954195.929079,960.0,96.0,1170.940066359,1788984720.2980843,187.0,96.0,1170.9400663590002,5366954195.929164,0.0
962367157738,1788985077290388009,17765.0,0.0,2066.0,1.0,17024446464.0,1846308864.0,1788984670.17,31.520000000000003,63.0,1048576.0,0.0,1788984720.1228452,0.0,1788984720.122876,0.0,1788984720.1228964,0.0,0.0,0.0,1.0,0.0,2241917.0,1788984720.123118,883056.0,1788984720.1231363,1358861.0,1788984720.1231527,0.0,1788984720.1231701,0.0,1788984720.1231909,0.0,1788984720.12321,0.0,1788984720.1232266,2241917.0,1788984720.1232803,2241917.0,5366954160.369929,883056.0,1788984720.1233325,1038.0,1788984720.12335,83.0,8944923600.616976,91.0,83.0,2241917.0,1788984720.1234593,1146.0,83.0,1038.0,1788984720.1235328,12296.0,960.0,2242955.0,1788984720.1235816,1146.0,83.0,1038.0,1788984720.1236355,498.0,83.0,83.0,1788984720.1236787,1138.0,83.0,2020.0,1788984720.1237156,869.0,83.0,1135.5745096206665,1788984720.123771,17206.0,955.0,33.39385276099995,1788984720.1239083,1618.0,83.0,0.6815460532525011,1788984720.123963,1245.0,83.0,1168.9616341590881,1788984720.1240208,1360.0,83.0,831.9200132010004,1788984720.124081,1372.0,83.0,312.85893899399923,1788984720.124134,1434.0,83.0,279.4650862329993,1788984720.1241984,1766.0,83.0,33.39385276099995,1788984720.1242516,332.0,83.0,1358861.0,1788984720.1243124,1.0,96.0,5366954195.928939,96.0,16747098.0,5366954195.929008,96.0,132244.0,5366954195.929079,960.0,96.0,1170.940066359,1788984720.2980843,187.0,96.0,1170.9400663590002,5366954195.929164,0.0
962876769939,1788985077800000601,17765.0,0.0,2066.0,1.0,17024446464.0,1846308864.0,1788984670.17,31.520000000000003,63.0,1048576.0,0.0,1788984720.1228452,0.0,1788984720.122876,0.0,1788984720.1228964,0.0,0.0,0.0,1.0,0.0,2241917.0,1788984720.123118,883056.0,1788984720.1231363,1358861.0,1788984720.1231527,0.0,1788984720.1231701,0.0,1788984720.1231909,0.0,1788984720.12321,0.0,1788984720.1232266,2241917.0,1788984720.1232803,2241917.0,5366954160.369929,883056.0,1788984720.1233325,1038.0,1788984720.12335,83.0,8944923600.616976,91.0,83.0,2241917.0,1788984720.1234593,1146.0,83.0,1038.0,1788984720.1235328,12296.0,960.0,2242955.0,1788984720.1235816,1146.0,83.0,1038.0,1788984720.1236355,498.0,83.0,83.0,1788984720.1236787,1138.0,83.0,2020.0,1788984720.1237156,869.0,83.0,1135.5745096206665,1788984720.123771,17206.0,955.0,33.39385276099995,1788984720.1239083,1618.0,83.0,0.6815460532525011,1788984720.123963,1245.0,83.0,1168.9616341590881,1788984720.1240208,1360.0,83.0,831.9200132010004,1788984720.124081,1372.0,83.0,312.85893899399923,1788984720.124134,1434.0,83.0,279.4650862329993,1788984720.1241984,1766.0,83.0,33.39385276099995,1788984720.1242516,332.0,83.0,1358861.0,1788984720.1243124,1.0,96.0,5366954195.928939,96.0,16747098.0,5366954195.929008,96.0,132244.0,5366954195.929079,960.0,96.0,1170.940066359,1788984720.2980843,187.0,96.0,1170.9400663590002,5366954195.929164,0.0
963385761814,1788985078308992306,17765.0,0.0,2066.0,1.0,17024446464.0,1846308864.0,1788984670.17,31.53,63.0,1048576.0,0.0,1788984720.1228452,0.0,1788984720.122876,0.0,1788984720.1228964,0.0,0.0,0.0,1.0,0.0,2241917.0,1788984720.123118,883056.0,1788984720.1231363,1358861.0,1788984720.1231527,0.0,1788984720.1231701,0.0,1788984720.1231909,0.0,1788984720.12321,0.0,1788984720.1232266,2241917.0,1788984720.1232803,2241917.0,5366954160.369929,883056.0,1788984720.1233325,1038.0,1788984720.12335,83.0,8944923600.616976,91.0,83.0,2241917.0,1788984720.1234593,1146.0,83.0,1038.0,1788984720.1235328,12296.0,960.0,2242955.0,1788984720.1235816,1146.0,83.0,1038.0,1788984720.1236355,498.0,83.0,83.0,1788984720.1236787,1138.0,83.0,2020.0,1788984720.1237156,869.0,83.0,1135.5745096206665,1788984720.123771,17206.0,955.0,33.39385276099995,1788984720.1239083,1618.0,83.0,0.6815460532525011,1788984720.123963,1245.0,83.0,1168.9616341590881,1788984720.1240208,1360.0,83.0,831.9200132010004,1788984720.124081,1372.0,83.0,312.85893899399923,1788984720.124134,1434.0,83.0,279.4650862329993,1788984720.1241984,1766.0,83.0,33.39385276099995,1788984720.1242516,332.0,83.0,1358861.0,1788984720.1243124,1.0,96.0,5366954195.928939,96.0,16747098.0,5366954195.929008,96.0,132244.0,5366954195.929079,960.0,96.0,1170.940066359,1788984720.2980843,187.0,96.0,1170.9400663590002,5366954195.929164,0.0
963894487190,1788985078817717341,17765.0,0.0,2066.0,1.0,17024446464.0,1846308864.0,1788984670.17,31.54,62.0,1048576.0,0.0,1788984720.1228452,0.0,1788984720.122876,0.0,1788984720.1228964,0.0,0.0,0.0,1.0,0.0,2241917.0,1788984720.123118,883056.0,1788984720.1231363,1358861.0,1788984720.1231527,0.0,1788984720.1231701,0.0,1788984720.1231909,0.0,1788984720.12321,0.0,1788984720.1232266,2241917.0,1788984720.1232803,2241917.0,5366954160.369929,883056.0,1788984720.1233325,1038.0,1788984720.12335,83.0,8944923600.616976,91.0,83.0,2241917.0,1788984720.1234593,1146.0,83.0,1038.0,1788984720.1235328,12296.0,960.0,2242955.0,1788984720.1235816,1146.0,83.0,1038.0,1788984720.1236355,498.0,83.0,83.0,1788984720.1236787,1138.0,83.0,2020.0,1788984720.1237156,869.0,83.0,1135.5745096206665,1788984720.123771,17206.0,955.0,33.39385276099995,1788984720.1239083,1618.0,83.0,0.6815460532525011,1788984720.123963,1245.0,83.0,1168.9616341590881,1788984720.1240208,1360.0,83.0,831.9200132010004,1788984720.124081,1372.0,83.0,312.85893899399923,1788984720.124134,1434.0,83.0,279.4650862329993,1788984720.1241984,1766.0,83.0,33.39385276099995,1788984720.1242516,332.0,83.0,1358861.0,1788984720.1243124,1.0,96.0,5366954195.928939,96.0,16747098.0,5366954195.929008,96.0,132244.0,5366954195.929079,960.0,96.0,1170.940066359,1788984720.2980843,187.0,96.0,1170.9400663590002,5366954195.929164,0.0
964402897976,1788985079326128427,17765.0,0.0,2066.0,1.0,17024446464.0,1846308864.0,1788984670.17,31.54,62.0,1048576.0,0.0,1788984720.1228452,0.0,1788984720.122876,0.0,1788984720.1228964,0.0,0.0,0.0,1.0,0.0,2241917.0,1788984720.123118,883056.0,1788984720.1231363,1358861.0,1788984720.1231527,0.0,1788984720.1231701,0.0,1788984720.1231909,0.0,1788984720.12321,0.0,1788984720.1232266,2241917.0,1788984720.1232803,2241917.0,5366954160.369929,883056.0,1788984720.1233325,1038.0,1788984720.12335,83.0,8944923600.616976,91.0,83.0,2241917.0,1788984720.1234593,1146.0,83.0,1038.0,1788984720.1235328,12296.0,960.0,2242955.0,1788984720.1235816,1146.0,83.0,1038.0,1788984720.1236355,498.0,83.0,83.0,1788984720.1236787,1138.0,83.0,2020.0,1788984720.1237156,869.0,83.0,1135.5745096206665,1788984720.123771,17206.0,955.0,33.39385276099995,1788984720.1239083,1618.0,83.0,0.6815460532525011,1788984720.123963,1245.0,83.0,1168.9616341590881,1788984720.1240208,1360.0,83.0,831.9200132010004,1788984720.124081,1372.0,83.0,312.85893899399923,1788984720.124134,1434.0,83.0,279.4650862329993,1788984720.1241984,1766.0,83.0,33.39385276099995,1788984720.1242516,332.0,83.0,1358861.0,1788984720.1243124,1.0,96.0,5366954195.928939,96.0,16747098.0,5366954195.929008,96.0,132244.0,5366954195.929079,960.0,96.0,1170.940066359,1788984720.2980843,187.0,96.0,1170.9400663590002,5366954195.929164,0.0
964912865543,1788985079836095925,17765.0,0.0,2066.0,1.0,17024446464.0,1846308864.0,1788984670.17,31.590000000000003,63.0,1048576.0,0.0,1788984720.1228452,0.0,1788984720.122876,0.0,1788984720.1228964,1.0,0.0,0.0,1.0,0.033261482341236936,2273994.0,1788984720.123118,914832.0,1788984720.1231363,1359162.0,1788984720.1231527,0.0,1788984720.1231701,0.0,1788984720.1231909,0.0,1788984720.12321,0.0,1788984720.1232266,2273994.0,1788984720.1232803,2273994.0,5366954160.369929,914832.0,1788984720.1233325,1046.0,1788984720.12335,83.0,8944923600.616976,91.0,83.0,2241917.0,1788984720.1234593,1146.0,83.0,1038.0,1788984720.1235328,12395.0,968.0,2275040.0,1788984720.1235816,1146.0,83.0,1038.0,1788984720.1236355,498.0,83.0,83.0,1788984720.1236787,1138.0,83.0,2020.0,1788984720.1237156,885.0,84.0,1135.67360663414,1788984720.123771,17332.0,962.0,33.632422432,1788984720.1239083,1618.0,83.0,0.6815460532525011,1788984720.123963,1245.0,83.0,1168.9616341590881,1788984720.1240208,1360.0,83.0,831.9200132010004,1788984720.124081,1372.0,83.0,312.85893899399923,1788984720.124134,1434.0,83.0,279.4650862329993,1788984720.1241984,1766.0,83.0,33.39385276099995,1788984720.1242516,332.0,83.0,1358861.0,1788984720.1243124,1.0,96.0,5366954195.928939,96.0,16747098.0,5366954195.929008,96.0,132244.0,5366954195.929079,960.0,96.0,1170.940066359,1788984720.2980843,187.0,96.0,1170.9400663590002,5366954195.929164,0.033261482341236936
965424063475,1788985080347294066,17765.0,0.0,2066.0,1.0,17024446464.0,1846308864.0,1788984670.17,31.64,64.0,1048576.0,0.0,1788984720.1228452,0.0,1788984720.122876,0.0,1788984720.1228964,1.0,0.0,0.0,1.0,0.030873818603879943,2303766.0,1788984720.123118,944560.0,1788984720.1231363,1359206.0,1788984720.1231527,0.0,1788984720.1231701,0.0,1788984720.1231909,0.0,1788984720.12321,0.0,1788984720.1232266,2303766.0,1788984720.1232803,2303766.0,5366954160.369929,944560.0,1788984720.1233325,1062.0,1788984720.12335,84.0,8944923600.616976,92.0,84.0,2273994.0,1788984720.1234593,1157.0,84.0,1052.0,1788984720.1235328,12577.0,982.0,2304828.0,1788984720.1235816,1157.0,84.0,1052.0,1788984720.1236355,504.0,84.0,84.0,1788984720.1236787,1149.0,84.0,2034.0,1788984720.1237156,901.0,85.0,1135.7719404697418,1788984720.123771,17602.0,977.0,34.16935848900005,1788984720.1239083,1636.0,84.0,0.716957870175585,1788984720.123963,1265.0,84.0,1169.5211689472198,1788984720.1240208,1382.0,84.0,831.9200365750004,1788984720.124081,1392.0,84.0,313.40790989199934,1788984720.124134,1456.0,84.0,279.5537035109993,1788984720.1241984,1787.0,84.0,33.85420638100004,1788984720.1242516,339.0,84.0,1359162.0,1788984720.1243124,1.0,97.0,5366954195.928939,97.0,16986067.0,5366954195.929008,97.0,132244.0,5366954195.929079,975.0,97.0,1171.5052097059997,1788984720.2980843,189.0,97.0,1171.505209706,5366954195.929164,0.030873818603879943
965933767316,1788985080856997757,17765.0,0.0,2067.0,1.0,17024446464.0,1846308864.0,1788984670.17,31.67,64.0,1048576.0,0.0,1788984720.1228452,0.0,1788984720.122876,0.0,1788984720.1228964,1.0,0.0,0.0,1.0,0.030873818603879943,2330943.0,1788984720.123118,969984.0,1788984720.1231363,1360959.0,1788984720.1231527,0.0,1788984720.1231701,0.0,1788984720.1231909,0.0,1788984720.12321,0.0,1788984720.1232266,2330943.0,1788984720.1232803,2330943.0,5366954160.369929,969984.0,1788984720.1233325,1070.0,1788984720.12335,85.0,8944923600.616976,93.0,85.0,2301171.0,1788984720.1234593,1172.0,85.0,1053.0,1788984720.1235328,12662.0,989.0,2332013.0,1788984720.1235816,1172.0,85.0,1053.0,1788984720.1236355,510.0,85.0,85.0,1788984720.1236787,1164.0,85.0,2035.0,1788984720.1237156,915.0,86.0,1136.1627955436707,1788984720.123771,17722.0,984.0,34.6920298,1788984720.1239083,1656.0,85.0,0.716957870175585,1788984720.123963,1286.0,85.0,1169.9120240211487,1788984720.1240208,1404.0,85.0,831.9200423960004,1788984720.124081,1413.0,85.0,313.7554429799993,1788984720.124134,1477.0,85.0,279.9012365989993,1788984720.1241984,1809.0,85.0,33.85420638100004,1788984720.1242516,344.0,85.0,1360915.0,1788984720.1243124,1.0,98.0,5366954195.928939,98.0,17188672.0,5366954195.929008,98.0,132244.0,5366954195.929079,991.0,98.0,1171.9226532769999,1788984720.2980843,192.0,98.0,1171.922653277,5366954195.929164,0.030873818603879943
966443622621,1788985081366852912,17765.0,0.0,2067.0,1.0,17024446464.0,1846308864.0,1788984670.17,31.689999999999998,64.0,1048576.0,0.0,1788984720.1228452,0.0,1788984720.122876,0.0,1788984720.1228964,1.0,0.0,0.0,1.0,0.030890399602056084,2330943.0,1788984720.123118,969984.0,1788984720.1231363,1360959.0,1788984720.1231527,0.0,1788984720.1231701,0.0,1788984720.1231909,0.0,1788984720.12321,0.0,1788984720.1232266,2330943.0,1788984720.1232803,2330943.0,5366954160.369929,969984.0,1788984720.1233325,1085.0,1788984720.12335,85.0,8944923600.616976,93.0,85.0,2301171.0,1788984720.1234593,1172.0,85.0,1053.0,1788984720.1235328,12872.0,1004.0,2332028.0,1788984720.1235816,1172.0,85.0,1053.0,1788984720.1236355,510.0,85.0,85.0,1788984720.1236787,1164.0,85.0,2035.0,1788984720.1237156,915.0,86.0,1136.1627955436707,1788984720.123771,17992.0,999.0,35.20393698500004,1788984720.1239083,1656.0,85.0,0.716957870175585,1788984720.123963,1286.0,85.0,1169.9120240211487,1788984720.1240208,1404.0,85.0,831.9200423960004,1788984720.124081,1413.0,85.0,313.7554429799993,1788984720.124134,1477.0,85.0,279.9012365989993,1788984720.1241984,1809.0,85.0,33.85420638100004,1788984720.1242516,344.0,85.0,1360915.0,1788984720.1243124,1.0,98.0,5366954195.928939,98.0,17188672.0,5366954195.929008,98.0,132244.0,5366954195.929079,991.0,98.0,1171.9226532769999,1788984720.2980843,192.0,98.0,1171.922653277,5366954195.929164,0.030890399602056084
966953590619,1788985081876820800,17765.0,0.0,2067.0,1.0,17024446464.0,1846308864.0,1788984670.17,31.71,64.0,1048576.0,0.0,1788984720.1228452,0.0,1788984720.122876,0.0,1788984720.1228964,1.0,0.0,0.0,1.0,0.030906980600232115,2330943.0,1788984720.123118,969984.0,1788984720.1231363,1360959.0,1788984720.1231527,0.0,1788984720.1231701,0.0,1788984720.1231909,0.0,1788984720.12321,0.0,1788984720.1232266,2330943.0,1788984720.1232803,2330943.0,5366954160.369929,969984.0,1788984720.1233325,1100.0,1788984720.12335,85.0,8944923600.616976,93.0,85.0,2301171.0,1788984720.1234593,1172.0,85.0,1053.0,1788984720.1235328,13082.0,1019.0,2332043.0,1788984720.1235816,1172.0,85.0,1053.0,1788984720.1236355,510.0,85.0,85.0,1788984720.1236787,1164.0,85.0,2035.0,1788984720.1237156,915.0,86.0,1136.1627955436707,1788984720.123771,18262.0,1014.0,35.713356882000085,1788984720.1239083,1656.0,85.0,0.716957870175585,1788984720.123963,1286.0,85.0,1169.9120240211487,1788984720.1240208,1404.0,85.0,831.9200423960004,1788984720.124081,1413.0,85.0,313.7554429799993,1788984720.124134,1477.0,85.0,279.9012365989993,1788984720.1241984,1809.0,85.0,33.85420638100004,1788984720.1242516,344.0,85.0,1360915.0,1788984720.1243124,1.0,98.0,5366954195.928939,98.0,17188672.0,5366954195.929008,98.0,132244.0,5366954195.929079,991.0,98.0,1171.9226532769999,1788984720.2980843,192.0,98.0,1171.922653277,5366954195.929164,0.030906980600232115
967467995632,1788985082391226003,17765.0,0.0,2067.0,1.0,17024446464.0,1846308864.0,1788984670.17,31.72,64.0,1048576.0,0.0,1788984720.1228452,0.0,1788984720.122876,0.0,1788984720.1228964,1.0,0.0,0.0,1.0,0.030923561598408256,2330943.0,1788984720.123118,969984.0,1788984720.1231363,1360959.0,1788984720.1231527,0.0,1788984720.1231701,0.0,1788984720.1231909,0.0,1788984720.12321,0.0,1788984720.1232266,2330943.0,1788984720.1232803,2330943.0,5366954160.369929,969984.0,1788984720.1233325,1115.0,1788984720.12335,85.0,8944923600.616976,93.0,85.0,2301171.0,1788984720.1234593,1172.0,85.0,1053.0,1788984720.1235328,13292.0,1034.0,2332058.0,1788984720.1235816,1172.0,85.0,1053.0,1788984720.1236355,510.0,85.0,85.0,1788984720.1236787,1164.0,85.0,2035.0,1788984720.1237156,915.0,86.0,1136.1627955436707,1788984720.123771,18532.0,1029.0,36.24996278200001,1788984720.1239083,1656.0,85.0,0.716957870175585,1788984720.123963,1286.0,85.0,1169.9120240211487,1788984720.1240208,1404.0,85.0,831.9200423960004,1788984720.124081,1413.0,85.0,313.7554429799993,1788984720.124134,1477.0,85.0,279.9012365989993,1788984720.1241984,1809.0,85.0,33.85420638100004,1788984720.1242516,344.0,85.0,1360915.0,1788984720.1243124,1.0,98.0,5366954195.928939,98.0,17188672.0,5366954195.929008,98.0,132244.0,5366954195.929079,991.0,98.0,1171.9226532769999,1788984720.2980843,192.0,98.0,1171.922653277,5366954195.929164,0.030923561598408256
967978642710,1788985082901873422,17765.0,0.0,2067.0,1.0,17024446464.0,1846308864.0,1788984670.17,31.79,65.0,1048576.0,0.0,1788984720.1228452,0.0,1788984720.122876,0.0,1788984720.1228964,2.0,0.0,0.0,1.0,0.08738186038799534,2385388.0,1788984720.123118,1023728.0,1788984720.1231363,1361660.0,1788984720.1231527,0.0,1788984720.1231701,0.0,1788984720.1231909,0.0,1788984720.12321,0.0,1788984720.1232266,2385388.0,1788984720.1232803,2385388.0,5366954160.369929,1023728.0,1788984720.1233325,1135.0,1788984720.12335,86.0,8944923600.616976,94.0,86.0,2329137.0,1788984720.1234593,1187.0,86.0,1054.0,1788984720.1235328,13429.0,1046.0,2386523.0,1788984720.1235816,1187.0,86.0,1054.0,1788984720.1236355,516.0,86.0,86.0,1788984720.1236787,1179.0,86.0,2036.0,1788984720.1237156,945.0,88.0,1136.4196946620941,1788984720.123771,18854.0,1047.0,36.991750579999916,1788984720.1239083,1676.0,86.0,0.716957870175585,1788984720.123963,1308.0,86.0,1170.0548577308655,1788984720.1240208,1426.0,86.0,831.9200476860004,1788984720.124081,1435.0,86.0,313.8675479099993,1788984720.124134,1499.0,86.0,280.01334152899926,1788984720.1241984,1831.0,86.0,33.85420638100004,1788984720.1242516,351.0,86.0,1361361.0,1788984720.1243124,1.0,99.0,5366954195.928939,99.0,17397238.0,5366954195.929008,99.0,132244.0,5366954195.929079,1008.0,99.0,1172.0936303899998,1788984720.2980843,195.0,99.0,1172.09363039,5366954195.929164,0.08738186038799534
968488430719,1788985083411661091,17765.0,0.0,2067.0,1.0,17024446464.0,1846308864.0,1788984670.17,31.81,65.0,1048576.0,0.0,1788984720.1228452,0.0,1788984720.122876,0.0,1788984720.1228964,1.0,0.0,0.0,1.0,0.02747471397778145,2385388.0,1788984720.123118,1023728.0,1788984720.1231363,1361660.0,1788984720.1231527,0.0,1788984720.1231701,0.0,1788984720.1231909,0.0,1788984720.12321,0.0,1788984720.1232266,2385388.0,1788984720.1232803,2385388.0,5366954160.369929,1023728.0,1788984720.1233325,1158.0,1788984720.12335,87.0,8944923600.616976,95.0,87.0,2358909.0,1788984720.1234593,1196.0,87.0,1136.0,1788984720.1235328,13631.0,1061.0,2386546.0,1788984720.1235816,1196.0,87.0,1136.0,1788984720.1236355,522.0,87.0,87.0,1788984720.1236787,1188.0,87.0,2118.0,1788984720.1237156,945.0,88.0,1136.4196946620941,1788984720.123771,19268.0,1070.0,37.78032140000005,1788984720.1239083,1694.0,87.0,0.7558430506694119,1788984720.123963,1323.0,87.0,1173.302750825882,1788984720.1240208,1448.0,87.0,831.9200526850004,1788984720.124081,1450.0,87.0,317.09010633899925,1788984720.124134,1521.0,87.0,280.08620033799923,1788984720.1241984,1846.0,87.0,37.00390600100002,1788984720.1242516,361.0,87.0,1361405.0,1788984720.1243124,1.0,100.0,5366954195.928939,100.0,17619290.0,5366954195.929008,100.0,132244.0,5366954195.929079,1017.0,100.0,1175.3466493729998,1788984720.2980843,196.0,100.0,1175.346649373,5366954195.929164,0.02747471397778145
968998254396,1788985083921484937,17765.0,0.0,2067.0,1.0,17024446464.0,1846308864.0,1788984670.17,31.82,65.0,1048576.0,0.0,1788984720.1228452,0.0,1788984720.122876,0.0,1788984720.1228964,0.0,0.0,0.0,1.0,0.0,2385388.0,1788984720.123118,1023728.0,1788984720.1231363,1361660.0,1788984720.1231527,0.0,1788984720.1231701,0.0,1788984720.1231909,0.0,1788984720.12321,0.0,1788984720.1232266,2385388.0,1788984720.1232803,2385388.0,5366954160.369929,1023728.0,1788984720.1233325,1168.0,1788984720.12335,88.0,8944923600.616976,96.0,88.0,2385388.0,1788984720.1234593,1206.0,88.0,1168.0,1788984720.1235328,13771.0,1071.0,2386556.0,1788984720.1235816,1206.0,88.0,1168.0,1788984720.1236355,528.0,88.0,88.0,1788984720.1236787,1198.0,88.0,2150.0,1788984720.1237156,945.0,88.0,1136.4196946620941,1788984720.123771,19450.0,1080.0,38.088247862,1788984720.1239083,1712.0,88.0,0.7908218203790889,1788984720.123963,1341.0,88.0,1174.5009987354279,1788984720.1240208,1470.0,88.0,831.9200588970004,1788984720.124081,1468.0,88.0,318.2477323149992,1788984720.124134,1543.0,88.0,280.1594844529992,1788984720.1241984,1864.0,88.0,38.088247862,1788984720.1242516,368.0,88.0,1361660.0,1788984720.1243124,1.0,101.0,5366954195.928939,101.0,17816757.0,5366954195.929008,101.0,132244.0,5366954195.929079,1030.0,101.0,1176.5496187359997,1788984720.2980843,197.0,101.0,1176.549618736,5366954195.929164,0.0
969507784873,1788985084431015184,17765.0,0.0,2067.0,1.0,17024446464.0,1846308864.0,1788984670.17,31.82,65.0,1048576.0,0.0,1788984720.1228452,0.0,1788984720.122876,0.0,1788984720.1228964,0.0,0.0,0.0,1.0,0.0,2385388.0,1788984720.123118,1023728.0,1788984720.1231363,1361660.0,1788984720.1231527,0.0,1788984720.1231701,0.0,1788984720.1231909,0.0,1788984720.12321,0.0,1788984720.1232266,2385388.0,1788984720.1232803,2385388.0,5366954160.369929,1023728.0,1788984720.1233325,1168.0,1788984720.12335,88.0,8944923600.616976,96.0,88.0,2385388.0,1788984720.1234593,1206.0,88.0,1168.0,1788984720.1235328,13771.0,1071.0,2386556.0,1788984720.1235816,1206.0,88.0,1168.0,1788984720.1236355,528.0,88.0,88.0,1788984720.1236787,1198.0,88.0,2150.0,1788984720.1237156,945.0,88.0,1136.4196946620941,1788984720.123771,19450.0,1080.0,38.088247862,1788984720.1239083,1712.0,88.0,0.7908218203790889,1788984720.123963,1341.0,88.0,1174.5009987354279,1788984720.1240208,1470.0,88.0,831.9200588970004,1788984720.124081,1468.0,88.0,318.2477323149992,1788984720.124134,1543.0,88.0,280.1594844529992,1788984720.1241984,1864.0,88.0,38.088247862,1788984720.1242516,368.0,88.0,1361660.0,1788984720.1243124,1.0,101.0,5366954195.928939,101.0,17816757.0,5366954195.929008,101.0,132244.0,5366954195.929079,1030.0,101.0,1176.5496187359997,1788984720.2980843,197.0,101.0,1176.549618736,5366954195.929164,0.0
970017286105,1788985084940516466,17765.0,0.0,2067.0,1.0,17024446464.0,1846308864.0,1788984670.17,31.83,65.0,1048576.0,0.0,1788984720.1228452,0.0,1788984720.122876,0.0,1788984720.1228964,0.0,0.0,0.0,1.0,0.0,2385388.0,1788984720.123118,1023728.0,1788984720.1231363,1361660.0,1788984720.1231527,0.0,1788984720.1231701,0.0,1788984720.1231909,0.0,1788984720.12321,0.0,1788984720.1232266,2385388.0,1788984720.1232803,2385388.0,5366954160.369929,1023728.0,1788984720.1233325,1168.0,1788984720.12335,88.0,8944923600.616976,96.0,88.0,2385388.0,1788984720.1234593,1206.0,88.0,1168.0,1788984720.1235328,13771.0,1071.0,2386556.0,1788984720.1235816,1206.0,88.0,1168.0,1788984720.1236355,528.0,88.0,88.0,1788984720.1236787,1198.0,88.0,2150.0,1788984720.1237156,945.0,88.0,1136.4196946620941,1788984720.123771,19450.0,1080.0,38.088247862,1788984720.1239083,1712.0,88.0,0.7908218203790889,1788984720.123963,1341.0,88.0,1174.5009987354279,1788984720.1240208,1470.0,88.0,831.9200588970004,1788984720.124081,1468.0,88.0,318.2477323149992,1788984720.124134,1543.0,88.0,280.1594844529992,1788984720.1241984,1864.0,88.0,38.088247862,1788984720.1242516,368.0,88.0,1361660.0,1788984720.1243124,1.0,101.0,5366954195.928939,101.0,17816757.0,5366954195.929008,101.0,132244.0,5366954195.929079,1030.0,101.0,1176.5496187359997,1788984720.2980843,197.0,101.0,1176.549618736,5366954195.929164,0.0
970527488538,1788985085450718919,17765.0,0.0,2067.0,1.0,17024446464.0,1846308864.0,1788984670.17,31.83,65.0,1048576.0,0.0,1788984720.1228452,0.0,1788984720.122876,0.0,1788984720.1228964,0.0,0.0,0.0,1.0,0.0,2385388.0,1788984720.123118,1023728.0,1788984720.1231363,1361660.0,1788984720.1231527,0.0,1788984720.1231701,0.0,1788984720.1231909,0.0,1788984720.12321,0.0,1788984720.1232266,2385388.0,1788984720.1232803,2385388.0,5366954160.369929,1023728.0,1788984720.1233325,1168.0,1788984720.12335,88.0,8944923600.616976,96.0,88.0,2385388.0,1788984720.1234593,1206.0,88.0,1168.0,1788984720.1235328,13771.0,1071.0,2386556.0,1788984720.1235816,1206.0,88.0,1168.0,1788984720.1236355,528.0,88.0,88.0,1788984720.1236787,1198.0,88.0,2150.0,1788984720.1237156,945.0,88.0,1136.4196946620941,1788984720.123771,19450.0,1080.0,38.088247862,1788984720.1239083,1712.0,88.0,0.7908218203790889,1788984720.123963,1341.0,88.0,1174.5009987354279,1788984720.1240208,1470.0,88.0,831.9200588970004,1788984720.124081,1468.0,88.0,318.2477323149992,1788984720.124134,1543.0,88.0,280.1594844529992,1788984720.1241984,1864.0,88.0,38.088247862,1788984720.1242516,368.0,88.0,1361660.0,1788984720.1243124,1.0,101.0,5366954195.928939,101.0,17816757.0,5366954195.929008,101.0,132244.0,5366954195.929079,1030.0,101.0,1176.5496187359997,1788984720.2980843,197.0,101.0,1176.549618736,5366954195.929164,0.0
971037083059,1788985085960313450,17765.0,0.0,2067.0,1.0,17024446464.0,1846308864.0,1788984670.17,31.84,65.0,1048576.0,0.0,1788984720.1228452,0.0,1788984720.122876,0.0,1788984720.1228964,0.0,0.0,0.0,1.0,0.0,2385388.0,1788984720.123118,1023728.0,1788984720.1231363,1361660.0,1788984720.1231527,0.0,1788984720.1231701,0.0,1788984720.1231909,0.0,1788984720.12321,0.0,1788984720.1232266,2385388.0,1788984720.1232803,2385388.0,5366954160.369929,1023728.0,1788984720.1233325,1168.0,1788984720.12335,88.0,8944923600.616976,96.0,88.0,2385388.0,1788984720.1234593,1206.0,88.0,1168.0,1788984720.1235328,13771.0,1071.0,2386556.0,1788984720.1235816,1206.0,88.0,1168.0,1788984720.1236355,528.0,88.0,88.0,1788984720.1236787,1198.0,88.0,2150.0,1788984720.1237156,945.0,88.0,1136.4196946620941,1788984720.123771,19450.0,1080.0,38.088247862,1788984720.1239083,1712.0,88.0,0.7908218203790889,1788984720.123963,1341.0,88.0,1174.5009987354279,1788984720.1240208,1470.0,88.0,831.9200588970004,1788984720.124081,1468.0,88.0,318.2477323149992,1788984720.124134,1543.0,88.0,280.1594844529992,1788984720.1241984,1864.0,88.0,38.088247862,1788984720.1242516,368.0,88.0,1361660.0,1788984720.1243124,1.0,101.0,5366954195.928939,101.0,17816757.0,5366954195.929008,101.0,132244.0,5366954195.929079,1030.0,101.0,1176.5496187359997,1788984720.2980843,197.0,101.0,1176.549618736,5366954195.929164,0.0
971546358801,1788985086469588972,17765.0,0.0,2067.0,1.0,17024446464.0,1846308864.0,1788984670.17,31.85,65.0,1048576.0,0.0,1788984720.1228452,0.0,1788984720.122876,0.0,1788984720.1228964,0.0,0.0,0.0,1.0,0.0,2385388.0,1788984720.123118,1023728.0,1788984720.1231363,1361660.0,1788984720.1231527,0.0,1788984720.1231701,0.0,1788984720.1231909,0.0,1788984720.12321,0.0,1788984720.1232266,2385388.0,1788984720.1232803,2385388.0,5366954160.369929,1023728.0,1788984720.1233325,1168.0,1788984720.12335,88.0,8944923600.616976,96.0,88.0,2385388.0,1788984720.1234593,1206.0,88.0,1168.0,1788984720.1235328,13771.0,1071.0,2386556.0,1788984720.1235816,1206.0,88.0,1168.0,1788984720.1236355,528.0,88.0,88.0,1788984720.1236787,1198.0,88.0,2150.0,1788984720.1237156,945.0,88.0,1136.4196946620941,1788984720.123771,19450.0,1080.0,38.088247862,1788984720.1239083,1712.0,88.0,0.7908218203790889,1788984720.123963,1341.0,88.0,1174.5009987354279,1788984720.1240208,1470.0,88.0,831.9200588970004,1788984720.124081,1468.0,88.0,318.2477323149992,1788984720.124134,1543.0,88.0,280.1594844529992,1788984720.1241984,1864.0,88.0,38.088247862,1788984720.1242516,368.0,88.0,1361660.0,1788984720.1243124,1.0,101.0,5366954195.928939,101.0,17816757.0,5366954195.929008,101.0,132244.0,5366954195.929079,1030.0,101.0,1176.5496187359997,1788984720.2980843,197.0,101.0,1176.549618736,5366954195.929164,0.0
972055248297,1788985086978478658,17765.0,0.0,2067.0,1.0,17024446464.0,1846308864.0,1788984670.17,31.85,65.0,1048576.0,0.0,1788984720.1228452,0.0,1788984720.122876,0.0,1788984720.1228964,0.0,0.0,0.0,1.0,0.0,2385388.0,1788984720.123118,1023728.0,1788984720.1231363,1361660.0,1788984720.1231527,0.0,1788984720.1231701,0.0,1788984720.1231909,0.0,1788984720.12321,0.0,1788984720.1232266,2385388.0,1788984720.1232803,2385388.0,5366954160.369929,1023728.0,1788984720.1233325,1168.0,1788984720.12335,88.0,8944923600.616976,96.0,88.0,2385388.0,1788984720.1234593,1206.0,88.0,1168.0,1788984720.1235328,13771.0,1071.0,2386556.0,1788984720.1235816,1206.0,88.0,1168.0,1788984720.1236355,528.0,88.0,88.0,1788984720.1236787,1198.0,88.0,2150.0,1788984720.1237156,945.0,88.0,1136.4196946620941,1788984720.123771,19450.0,1080.0,38.088247862,1788984720.1239083,1712.0,88.0,0.7908218203790889,1788984720.123963,1341.0,88.0,1174.5009987354279,1788984720.1240208,1470.0,88.0,831.9200588970004,1788984720.124081,1468.0,88.0,318.2477323149992,1788984720.124134,1543.0,88.0,280.1594844529992,1788984720.1241984,1864.0,88.0,38.088247862,1788984720.1242516,368.0,88.0,1361660.0,1788984720.1243124,1.0,101.0,5366954195.928939,101.0,17816757.0,5366954195.929008,101.0,132244.0,5366954195.929079,1030.0,101.0,1176.5496187359997,1788984720.2980843,197.0,101.0,1176.549618736,5366954195.929164,0.0
972565617275,1788985087488847917,17765.0,0.0,2067.0,1.0,17024446464.0,1846308864.0,1788984670.17,31.9,65.0,1048576.0,0.0,1788984720.1228452,0.0,1788984720.122876,0.0,1788984720.1228964,0.0,0.0,0.0,1.0,0.0,2413863.0,1788984720.123118,1051728.0,1788984720.1231363,1362135.0,1788984720.1231527,0.0,1788984720.1231701,0.0,1788984720.1231909,0.0,1788984720.12321,0.0,1788984720.1232266,2413863.0,1788984720.1232803,2413863.0,5366954160.369929,1051728.0,1788984720.1233325,1169.0,1788984720.12335,89.0,8944923600.616976,97.0,89.0,2413863.0,1788984720.1234593,1221.0,89.0,1169.0,1788984720.1235328,13772.0,1072.0,2415032.0,1788984720.1235816,1221.0,89.0,1169.0,1788984720.1236355,534.0,89.0,89.0,1788984720.1236787,1213.0,89.0,2151.0,1788984720.1237156,960.0,89.0,1136.545349597931,1788984720.123771,19450.0,1080.0,38.088247862,1788984720.1239083,1732.0,89.0,0.7908218203790889,1788984720.123963,1363.0,89.0,1174.6266536712646,1788984720.1240208,1492.0,89.0,831.9200822010005,1788984720.124081,1490.0,89.0,318.3639957049992,1788984720.124134,1565.0,89.0,280.2757478429992,1788984720.1241984,1886.0,89.0,38.088247862,1788984720.1242516,375.0,89.0,1362135.0,1788984720.1243124,1.0,102.0,5366954195.928939,102.0,18028978.0,5366954195.929008,102.0,132244.0,5366954195.929079,1047.0,102.0,1176.7045949879998,1788984720.2980843,200.0,102.0,1176.704594988,5366954195.929164,0.0
973074856188,1788985087998086489,17765.0,0.0,2067.0,1.0,17024446464.0,1846308864.0,1788984670.17,31.909999999999997,65.0,1048576.0,0.0,1788984720.1228452,0.0,1788984720.122876,0.0,1788984720.1228964,0.0,0.0,0.0,1.0,0.0,2413863.0,1788984720.123118,1051728.0,1788984720.1231363,1362135.0,1788984720.1231527,0.0,1788984720.1231701,0.0,1788984720.1231909,0.0,1788984720.12321,0.0,1788984720.1232266,2413863.0,1788984720.1232803,2413863.0,5366954160.369929,1051728.0,1788984720.1233325,1169.0,1788984720.12335,89.0,8944923600.616976,97.0,89.0,2413863.0,1788984720.1234593,1221.0,89.0,1169.0,1788984720.1235328,13772.0,1072.0,2415032.0,1788984720.1235816,1221.0,89.0,1169.0,1788984720.1236355,534.0,89.0,89.0,1788984720.1236787,1213.0,89.0,2151.0,1788984720.1237156,960.0,89.0,1136.545349597931,1788984720.123771,19450.0,1080.0,38.088247862,1788984720.1239083,1732.0,89.0,0.7908218203790889,1788984720.123963,1363.0,89.0,1174.6266536712646,1788984720.1240208,1492.0,89.0,831.9200822010005,1788984720.124081,1490.0,89.0,318.3639957049992,1788984720.124134,1565.0,89.0,280.2757478429992,1788984720.1241984,1886.0,89.0,38.088247862,1788984720.1242516,375.0,89.0,1362135.0,1788984720.1243124,1.0,102.0,5366954195.928939,102.0,18028978.0,5366954195.929008,102.0,132244.0,5366954195.929079,1047.0,102.0,1176.7045949879998,1788984720.2980843,200.0,102.0,1176.704594988,5366954195.929164,0.0
973584083148,1788985088507313359,17765.0,0.0,2067.0,1.0,17024446464.0,1846308864.0,1788984670.17,31.909999999999997,64.0,1048576.0,0.0,1788984720.1228452,0.0,1788984720.122876,0.0,1788984720.1228964,0.0,0.0,0.0,1.0,0.0,2413863.0,1788984720.123118,1051728.0,1788984720.1231363,1362135.0,1788984720.1231527,0.0,1788984720.1231701,0.0,1788984720.1231909,0.0,1788984720.12321,0.0,1788984720.1232266,2413863.0,1788984720.1232803,2413863.0,5366954160.369929,1051728.0,1788984720.1233325,1169.0,1788984720.12335,89.0,8944923600.616976,97.0,89.0,2413863.0,1788984720.1234593,1221.0,89.0,1169.0,1788984720.1235328,13772.0,1072.0,2415032.0,1788984720.1235816,1221.0,89.0,1169.0,1788984720.1236355,534.0,89.0,89.0,1788984720.1236787,1213.0,89.0,2151.0,1788984720.1237156,960.0,89.0,1136.545349597931,1788984720.123771,19450.0,1080.0,38.088247862,1788984720.1239083,1732.0,89.0,0.7908218203790889,1788984720.123963,1363.0,89.0,1174.6266536712646,1788984720.1240208,1492.0,89.0,831.9200822010005,1788984720.124081,1490.0,89.0,318.3639957049992,1788984720.124134,1565.0,89.0,280.2757478429992,1788984720.1241984,1886.0,89.0,38.088247862,1788984720.1242516,375.0,89.0,1362135.0,1788984720.1243124,1.0,102.0,5366954195.928939,102.0,18028978.0,5366954195.929008,102.0,132244.0,5366954195.929079,1047.0,102.0,1176.7045949879998,1788984720.2980843,200.0,102.0,1176.704594988,5366954195.929164,0.0
974094951224,1788985089018181796,17765.0,0.0,2067.0,1.0,17024446464.0,1846308864.0,1788984670.17,31.96,64.0,1048576.0,0.0,1788984720.1228452,0.0,1788984720.122876,0.0,1788984720.1228964,1.0,0.0,0.0,1.0,0.03316199635218042,2445846.0,1788984720.123118,1083264.0,1788984720.1231363,1362582.0,1788984720.1231527,0.0,1788984720.1231701,0.0,1788984720.1231909,0.0,1788984720.12321,0.0,1788984720.1232266,2445846.0,1788984720.1232803,2445846.0,5366954160.369929,1083264.0,1788984720.1233325,1176.0,1788984720.12335,89.0,8944923600.616976,97.0,89.0,2413863.0,1788984720.1234593,1221.0,89.0,1169.0,1788984720.1235328,13857.0,1079.0,2447022.0,1788984720.1235816,1221.0,89.0,1169.0,1788984720.1236355,534.0,89.0,89.0,1788984720.1236787,1213.0,89.0,2151.0,1788984720.1237156,975.0,90.0,1136.6772315502167,1788984720.123771,19558.0,1086.0,38.29798515799996,1788984720.1239083,1732.0,89.0,0.7908218203790889,1788984720.123963,1363.0,89.0,1174.6266536712646,1788984720.1240208,1492.0,89.0,831.9200822010005,1788984720.124081,1490.0,89.0,318.3639957049992,1788984720.124134,1565.0,89.0,280.2757478429992,1788984720.1241984,1886.0,89.0,38.088247862,1788984720.1242516,375.0,89.0,1362135.0,1788984720.1243124,1.0,102.0,5366954195.928939,102.0,18028978.0,5366954195.929008,102.0,132244.0,5366954195.929079,1047.0,102.0,1176.7045949879998,1788984720.2980843,200.0,102.0,1176.704594988,5366954195.929164,0.03316199635218042
974604682092,1788985089527912413,17765.0,0.0,2067.0,1.0,17024446464.0,1846308864.0,1788984670.17,31.97,64.0,1048576.0,0.0,1788984720.1228452,0.0,1788984720.122876,0.0,1788984720.1228964,1.0,0.0,0.0,1.0,0.03317857735035645,2445846.0,1788984720.123118,1083264.0,1788984720.1231363,1362582.0,1788984720.1231527,0.0,1788984720.1231701,0.0,1788984720.1231909,0.0,1788984720.12321,0.0,1788984720.1232266,2445846.0,1788984720.1232803,2445846.0,5366954160.369929,1083264.0,1788984720.1233325,1190.0,1788984720.12335,89.0,8944923600.616976,97.0,89.0,2413863.0,1788984720.1234593,1221.0,89.0,1169.0,1788984720.1235328,14053.0,1093.0,2447036.0,1788984720.1235816,1221.0,89.0,1169.0,1788984720.1236355,534.0,89.0,89.0,1788984720.1236787,1213.0,89.0,2151.0,1788984720.1237156,975.0,90.0,1136.6772315502167,1788984720.123771,19810.0,1100.0,38.78058312400003,1788984720.1239083,1732.0,89.0,0.7908218203790889,1788984720.123963,1363.0,89.0,1174.6266536712646,1788984720.1240208,1492.0,89.0,831.9200822010005,1788984720.124081,1490.0,89.0,318.3639957049992,1788984720.124134,1565.0,89.0,280.2757478429992,1788984720.1241984,1886.0,89.0,38.088247862,1788984720.1242516,375.0,89.0,1362135.0,1788984720.1243124,1.0,102.0,5366954195.928939,102.0,18028978.0,5366954195.929008,102.0,132244.0,5366954195.929079,1047.0,102.0,1176.7045949879998,1788984720.2980843,200.0,102.0,1176.704594988,5366954195.929164,0.03317857735035645
975114522100,1788985090037752411,17765.0,0.0,2067.0,1.0,17024446464.0,1846308864.0,1788984670.17,31.979999999999997,64.0,1048576.0,0.0,1788984720.1228452,0.0,1788984720.122876,0.0,1788984720.1228964,1.0,0.0,0.0,1.0,0.033195158348532594,2445846.0,1788984720.123118,1083264.0,1788984720.1231363,1362582.0,1788984720.1231527,0.0,1788984720.1231701,0.0,1788984720.1231909,0.0,1788984720.12321,0.0,1788984720.1232266,2445846.0,1788984720.1232803,2445846.0,5366954160.369929,1083264.0,1788984720.1233325,1205.0,1788984720.12335,89.0,8944923600.616976,97.0,89.0,2413863.0,1788984720.1234593,1221.0,89.0,1169.0,1788984720.1235328,14263.0,1108.0,2447051.0,1788984720.1235816,1221.0,89.0,1169.0,1788984720.1236355,534.0,89.0,89.0,1788984720.1236787,1213.0,89.0,2151.0,1788984720.1237156,975.0,90.0,1136.6772315502167,1788984720.123771,20080.0,1115.0,39.29256085199995,1788984720.1239083,1732.0,89.0,0.7908218203790889,1788984720.123963,1363.0,89.0,1174.6266536712646,1788984720.1240208,1492.0,89.0,831.9200822010005,1788984720.124081,1490.0,89.0,318.3639957049992,1788984720.124134,1565.0,89.0,280.2757478429992,1788984720.1241984,1886.0,89.0,38.088247862,1788984720.1242516,375.0,89.0,1362135.0,1788984720.1243124,1.0,102.0,5366954195.928939,102.0,18028978.0,5366954195.929008,102.0,132244.0,5366954195.929079,1047.0,102.0,1176.7045949879998,1788984720.2980843,200.0,102.0,1176.704594988,5366954195.929164,0.033195158348532594
975624571071,1788985090547801292,17765.0,0.0,2067.0,1.0,17024446464.0,1846308864.0,1788984670.17,31.990000000000002,64.0,1048576.0,0.0,1788984720.1228452,0.0,1788984720.122876,0.0,1788984720.1228964,1.0,0.0,0.0,1.0,0.033211739346708624,2445846.0,1788984720.123118,1083264.0,1788984720.1231363,1362582.0,1788984720.1231527,0.0,1788984720.1231701,0.0,1788984720.1231909,0.0,1788984720.12321,0.0,1788984720.1232266,2445846.0,1788984720.1232803,2445846.0,5366954160.369929,1083264.0,1788984720.1233325,1220.0,1788984720.12335,89.0,8944923600.616976,97.0,89.0,2413863.0,1788984720.1234593,1221.0,89.0,1169.0,1788984720.1235328,14473.0,1123.0,2447066.0,1788984720.1235816,1221.0,89.0,1169.0,1788984720.1236355,534.0,89.0,89.0,1788984720.1236787,1213.0,89.0,2151.0,1788984720.1237156,975.0,90.0,1136.6772315502167,1788984720.123771,20350.0,1130.0,39.816107648999946,1788984720.1239083,1732.0,89.0,0.7908218203790889,1788984720.123963,1363.0,89.0,1174.6266536712646,1788984720.1240208,1492.0,89.0,831.9200822010005,1788984720.124081,1490.0,89.0,318.3639957049992,1788984720.124134,1565.0,89.0,280.2757478429992,1788984720.1241984,1886.0,89.0,38.088247862,1788984720.1242516,375.0,89.0,1362135.0,1788984720.1243124,1.0,102.0,5366954195.928939,102.0,18028978.0,5366954195.929008,102.0,132244.0,5366954195.929079,1047.0,102.0,1176.7045949879998,1788984720.2980843,200.0,102.0,1176.704594988,5366954195.929164,0.033211739346708624
976134468457,1788985091057699048,17765.0,0.0,2067.0,1.0,17024446464.0,1846308864.0,1788984670.17,32.04,64.0,1048576.0,0.0,1788984720.1228452,0.0,1788984720.122876,0.0,1788984720.1228964,1.0,0.0,0.0,1.0,0.033211739346708624,2476454.0,1788984720.123118,1113760.0,1788984720.1231363,1362694.0,1788984720.1231527,0.0,1788984720.1231701,0.0,1788984720.1231909,0.0,1788984720.12321,0.0,1788984720.1232266,2476454.0,1788984720.1232803,2476454.0,5366954160.369929,1113760.0,1788984720.1233325,1235.0,1788984720.12335,90.0,8944923600.616976,98.0,90.0,2444471.0,1788984720.1234593,1236.0,90.0,1170.0,1788984720.1235328,14656.0,1137.0,2477689.0,1788984720.1235816,1236.0,90.0,1170.0,1788984720.1236355,540.0,90.0,90.0,1788984720.1236787,1228.0,90.0,2152.0,1788984720.1237156,991.0,91.0,1136.7679324150085,1788984720.123771,20602.0,1144.0,40.30923700400001,1788984720.1239083,1752.0,90.0,0.7908218203790889,1788984720.123963,1385.0,90.0,1174.7173545360565,1788984720.1240208,1514.0,90.0,831.9200879020005,1788984720.124081,1512.0,90.0,318.4365421319992,1788984720.124134,1587.0,90.0,280.3482942699992,1788984720.1241984,1908.0,90.0,38.088247862,1788984720.1242516,383.0,90.0,1362247.0,1788984720.1243124,1.0,103.0,5366954195.928939,103.0,18257096.0,5366954195.929008,103.0,132244.0,5366954195.929079,1064.0,103.0,1176.825196374,1788984720.2980843,203.0,103.0,1176.8251963740001,5366954195.929164,0.033211739346708624
976644251268,1788985091567481809,17765.0,0.0,2067.0,1.0,17024446464.0,1846308864.0,1788984670.17,32.050000000000004,64.0,1048576.0,0.0,1788984720.1228452,0.0,1788984720.122876,0.0,1788984720.1228964,1.0,0.0,0.0,1.0,0.033228320344884765,2476454.0,1788984720.123118,1113760.0,1788984720.1231363,1362694.0,1788984720.1231527,0.0,1788984720.1231701,0.0,1788984720.1231909,0.0,1788984720.12321,0.0,1788984720.1232266,2476454.0,1788984720.1232803,2476454.0,5366954160.369929,1113760.0,1788984720.1233325,1250.0,1788984720.12335,90.0,8944923600.616976,98.0,90.0,2444471.0,1788984720.1234593,1236.0,90.0,1170.0,1788984720.1235328,14866.0,1152.0,2477704.0,1788984720.1235816,1236.0,90.0,1170.0,1788984720.1236355,540.0,90.0,90.0,1788984720.1236787,1228.0,90.0,2152.0,1788984720.1237156,991.0,91.0,1136.7679324150085,1788984720.123771,20872.0,1159.0,40.821624835999955,1788984720.1239083,1752.0,90.0,0.7908218203790889,1788984720.123963,1385.0,90.0,1174.7173545360565,1788984720.1240208,1514.0,90.0,831.9200879020005,1788984720.124081,1512.0,90.0,318.4365421319992,1788984720.124134,1587.0,90.0,280.3482942699992,1788984720.1241984,1908.0,90.0,38.088247862,1788984720.1242516,383.0,90.0,1362247.0,1788984720.1243124,1.0,103.0,5366954195.928939,103.0,18257096.0,5366954195.929008,103.0,132244.0,5366954195.929079,1064.0,103.0,1176.825196374,1788984720.2980843,203.0,103.0,1176.8251963740001,5366954195.929164,0.033228320344884765
977154318695,1788985092077549066,17765.0,0.0,2067.0,1.0,17024446464.0,1846308864.0,1788984670.17,32.07,64.0,1048576.0,0.0,1788984720.1228452,0.0,1788984720.122876,0.0,1788984720.1228964,1.0,0.0,0.0,1.0,0.033244901343060906,2476454.0,1788984720.123118,1113760.0,1788984720.1231363,1362694.0,1788984720.1231527,0.0,1788984720.1231701,0.0,1788984720.1231909,0.0,1788984720.12321,0.0,1788984720.1232266,2476454.0,1788984720.1232803,2476454.0,5366954160.369929,1113760.0,1788984720.1233325,1265.0,1788984720.12335,90.0,8944923600.616976,98.0,90.0,2444471.0,1788984720.1234593,1236.0,90.0,1170.0,1788984720.1235328,15076.0,1167.0,2477719.0,1788984720.1235816,1236.0,90.0,1170.0,1788984720.1236355,540.0,90.0,90.0,1788984720.1236787,1228.0,90.0,2152.0,1788984720.1237156,991.0,91.0,1136.7679324150085,1788984720.123771,21142.0,1174.0,41.33233924900003,1788984720.1239083,1752.0,90.0,0.7908218203790889,1788984720.123963,1385.0,90.0,1174.7173545360565,1788984720.1240208,1514.0,90.0,831.9200879020005,1788984720.124081,1512.0,90.0,318.4365421319992,1788984720.124134,1587.0,90.0,280.3482942699992,1788984720.1241984,1908.0,90.0,38.088247862,1788984720.1242516,383.0,90.0,1362247.0,1788984720.1243124,1.0,103.0,5366954195.928939,103.0,18257096.0,5366954195.929008,103.0,132244.0,5366954195.929079,1064.0,103.0,1176.825196374,1788984720.2980843,203.0,103.0,1176.8251963740001,5366954195.929164,0.033244901343060906
977664126984,1788985092587357525,17765.0,0.0,2067.0,1.0,17024446464.0,1846308864.0,1788984670.17,32.089999999999996,64.0,1048576.0,0.0,1788984720.1228452,0.0,1788984720.122876,0.0,1788984720.1228964,1.0,0.0,0.0,1.0,0.033261482341236936,2476454.0,1788984720.123118,1113760.0,1788984720.1231363,1362694.0,1788984720.1231527,0.0,1788984720.1231701,0.0,1788984720.1231909,0.0,1788984720.12321,0.0,1788984720.1232266,2476454.0,1788984720.1232803,2476454.0,5366954160.369929,1113760.0,1788984720.1233325,1280.0,1788984720.12335,90.0,8944923600.616976,98.0,90.0,2444471.0,1788984720.1234593,1236.0,90.0,1170.0,1788984720.1235328,15286.0,1182.0,2477734.0,1788984720.1235816,1236.0,90.0,1170.0,1788984720.1236355,540.0,90.0,90.0,1788984720.1236787,1228.0,90.0,2152.0,1788984720.1237156,991.0,91.0,1136.7679324150085,1788984720.123771,21412.0,1189.0,41.84883577200003,1788984720.1239083,1752.0,90.0,0.7908218203790889,1788984720.123963,1385.0,90.0,1174.7173545360565,1788984720.1240208,1514.0,90.0,831.9200879020005,1788984720.124081,1512.0,90.0,318.4365421319992,1788984720.124134,1587.0,90.0,280.3482942699992,1788984720.1241984,1908.0,90.0,38.088247862,1788984720.1242516,383.0,90.0,1362247.0,1788984720.1243124,1.0,103.0,5366954195.928939,103.0,18257096.0,5366954195.929008,103.0,132244.0,5366954195.929079,1064.0,103.0,1176.825196374,1788984720.2980843,203.0,103.0,1176.8251963740001,5366954195.929164,0.033261482341236936
978175042325,1788985093098272597,17765.0,0.0,2067.0,1.0,17024446464.0,1846308864.0,1788984670.17,32.1,64.0,1048576.0,0.0,1788984720.1228452,0.0,1788984720.122876,0.0,1788984720.1228964,0.0,0.0,0.0,1.0,0.0,2476454.0,1788984720.123118,1113760.0,1788984720.1231363,1362694.0,1788984720.1231527,0.0,1788984720.1231701,0.0,1788984720.1231909,0.0,1788984720.12321,0.0,1788984720.1232266,2476454.0,1788984720.1232803,2476454.0,5366954160.369929,1113760.0,1788984720.1233325,1288.0,1788984720.12335,91.0,8944923600.616976,99.0,91.0,2476454.0,1788984720.1234593,1244.0,91.0,1288.0,1788984720.1235328,15398.0,1190.0,2477742.0,1788984720.1235816,1244.0,91.0,1288.0,1788984720.1236355,546.0,91.0,91.0,1788984720.1236787,1236.0,91.0,2270.0,1788984720.1237156,991.0,91.0,1136.7679324150085,1788984720.123771,21558.0,1197.0,42.09891638599993,1788984720.1239083,1770.0,91.0,0.8251010385329344,1788984720.123963,1400.0,91.0,1178.8591039180756,1788984720.1240208,1536.0,91.0,831.9201101040006,1788984720.124081,1527.0,91.0,322.5682587519991,1788984720.124134,1609.0,91.0,280.4693423659992,1788984720.1241984,1923.0,91.0,42.09891638599993,1788984720.1242516,390.0,91.0,1362694.0,1788984720.1243124,1.0,104.0,5366954195.928939,104.0,18495561.0,5366954195.929008,104.0,132244.0,5366954195.929079,1071.0,104.0,1180.9722185609999,1788984720.2980843,204.0,104.0,1180.972218561,5366954195.929164,0.0
978685188300,1788985093608418761,17765.0,0.0,2067.0,1.0,17024446464.0,1846308864.0,1788984670.17,32.15,64.0,1048576.0,0.0,1788984720.1228452,0.0,1788984720.122876,0.0,1788984720.1228964,1.0,0.0,0.0,1.0,0.03231636544519978,2507622.0,1788984720.123118,1144880.0,1788984720.1231363,1362742.0,1788984720.1231527,0.0,1788984720.1231701,0.0,1788984720.1231909,0.0,1788984720.12321,0.0,1788984720.1232266,2507622.0,1788984720.1232803,2507622.0,5366954160.369929,1144880.0,1788984720.1233325,1299.0,1788984720.12335,91.0,8944923600.616976,99.0,91.0,2476454.0,1788984720.1234593,1244.0,91.0,1288.0,1788984720.1235328,15539.0,1201.0,2508921.0,1788984720.1235816,1244.0,91.0,1288.0,1788984720.1236355,546.0,91.0,91.0,1788984720.1236787,1236.0,91.0,2270.0,1788984720.1237156,1007.0,92.0,1136.8662130832672,1788984720.123771,21738.0,1207.0,42.445039932999975,1788984720.1239083,1770.0,91.0,0.8251010385329344,1788984720.123963,1400.0,91.0,1178.8591039180756,1788984720.1240208,1536.0,91.0,831.9201101040006,1788984720.124081,1527.0,91.0,322.5682587519991,1788984720.124134,1609.0,91.0,280.4693423659992,1788984720.1241984,1923.0,91.0,42.09891638599993,1788984720.1242516,390.0,91.0,1362694.0,1788984720.1243124,1.0,104.0,5366954195.928939,104.0,18495561.0,5366954195.929008,104.0,132244.0,5366954195.929079,1071.0,104.0,1180.9722185609999,1788984720.2980843,204.0,104.0,1180.972218561,5366954195.929164,0.03231636544519978
979195337891,1788985094118568302,17765.0,0.0,2067.0,1.0,17024446464.0,1846308864.0,1788984670.17,32.18,64.0,1048576.0,0.0,1788984720.1228452,0.0,1788984720.122876,0.0,1788984720.1228964,0.0,0.0,0.0,1.0,0.0,2533568.0,1788984720.123118,1170688.0,1788984720.1231363,1362880.0,1788984720.1231527,0.0,1788984720.1231701,0.0,1788984720.1231909,0.0,1788984720.12321,0.0,1788984720.1232266,2533568.0,1788984720.1232803,2533568.0,5366954160.369929,1170688.0,1788984720.1233325,1309.0,1788984720.12335,93.0,8944923600.616976,101.0,93.0,2533568.0,1788984720.1234593,1270.0,93.0,1309.0,1788984720.1235328,15652.0,1210.0,2534877.0,1788984720.1235816,1270.0,93.0,1309.0,1788984720.1236355,558.0,93.0,93.0,1788984720.1236787,1262.0,93.0,2291.0,1788984720.1237156,1023.0,93.0,1136.963227033615,1788984720.123771,21902.0,1216.0,42.740070660000015,1788984720.1239083,1808.0,93.0,0.8588460003224127,1788984720.123963,1442.0,93.0,1179.685019493103,1788984720.1240208,1580.0,93.0,831.9201314930006,1788984720.124081,1569.0,93.0,323.3629745279992,1788984720.124134,1653.0,93.0,280.6229038679992,1788984720.1241984,1965.0,93.0,42.740070660000015,1788984720.1242516,408.0,93.0,1362880.0,1788984720.1243124,1.0,106.0,5366954195.928939,106.0,18920873.0,5366954195.929008,106.0,132244.0,5366954195.929079,1103.0,106.0,1181.831902371,1788984720.2980843,209.0,106.0,1181.8319023710003,5366954195.929164,0.0
979705194431,1788985094628424822,17765.0,0.0,2067.0,1.0,17024446464.0,1846308864.0,1788984670.17,32.21,64.0,1048576.0,0.0,1788984720.1228452,0.0,1788984720.122876,0.0,1788984720.1228964,0.0,0.0,0.0,1.0,0.0,2533568.0,1788984720.123118,1170688.0,1788984720.1231363,1362880.0,1788984720.1231527,0.0,1788984720.1231701,0.0,1788984720.1231909,0.0,1788984720.12321,0.0,1788984720.1232266,2533568.0,1788984720.1232803,2533568.0,5366954160.369929,1170688.0,1788984720.1233325,1309.0,1788984720.12335,93.0,8944923600.616976,101.0,93.0,2533568.0,1788984720.1234593,1270.0,93.0,1309.0,1788984720.1235328,15652.0,1210.0,2534877.0,1788984720.1235816,1270.0,93.0,1309.0,1788984720.1236355,558.0,93.0,93.0,1788984720.1236787,1262.0,93.0,2291.0,1788984720.1237156,1023.0,93.0,1136.963227033615,1788984720.123771,21902.0,1216.0,42.740070660000015,1788984720.1239083,1808.0,93.0,0.8588460003224127,1788984720.123963,1442.0,93.0,1179.685019493103,1788984720.1240208,1580.0,93.0,831.9201314930006,1788984720.124081,1569.0,93.0,323.3629745279992,1788984720.124134,1653.0,93.0,280.6229038679992,1788984720.1241984,1965.0,93.0,42.740070660000015,1788984720.1242516,408.0,93.0,1362880.0,1788984720.1243124,1.0,106.0,5366954195.928939,106.0,18920873.0,5366954195.929008,106.0,132244.0,5366954195.929079,1103.0,106.0,1181.831902371,1788984720.2980843,209.0,106.0,1181.8319023710003,5366954195.929164,0.0
980214820106,1788985095138050458,17765.0,0.0,2067.0,1.0,17024446464.0,1846308864.0,1788984670.17,32.24,64.0,1048576.0,0.0,1788984720.1228452,0.0,1788984720.122876,0.0,1788984720.1228964,0.0,0.0,0.0,1.0,0.0,2560912.0,1788984720.123118,1197984.0,1788984720.1231363,1362928.0,1788984720.1231527,0.0,1788984720.1231701,0.0,1788984720.1231909,0.0,1788984720.12321,0.0,1788984720.1232266,2560912.0,1788984720.1232803,2560912.0,5366954160.369929,1197984.0,1788984720.1233325,1319.0,1788984720.12335,94.0,8944923600.616976,102.0,94.0,2560912.0,1788984720.1234593,1282.0,94.0,1319.0,1788984720.1235328,15779.0,1220.0,2562231.0,1788984720.1235816,1282.0,94.0,1319.0,1788984720.1236355,564.0,94.0,94.0,1788984720.1236787,1274.0,94.0,2301.0,1788984720.1237156,1039.0,94.0,1137.048888683319,1788984720.123771,22066.0,1225.0,43.02429474100006,1788984720.1239083,1826.0,94.0,0.8904264537668624,1788984720.123963,1463.0,94.0,1180.0545377731323,1788984720.1240208,1602.0,94.0,831.9201504280005,1788984720.124081,1590.0,94.0,323.7236347039992,1788984720.124134,1675.0,94.0,280.69933996299915,1788984720.1241984,1987.0,94.0,43.02429474100006,1788984720.1242516,418.0,94.0,1362928.0,1788984720.1243124,1.0,107.0,5366954195.928939,107.0,19124894.0,5366954195.929008,107.0,132244.0,5366954195.929079,1119.0,107.0,1182.206119788,1788984720.2980843,212.0,107.0,1182.2061197880003,5366954195.929164,0.0
980724911919,1788985095648142600,17765.0,0.0,2067.0,1.0,17024446464.0,1846308864.0,1788984670.17,32.25,64.0,1048576.0,0.0,1788984720.1228452,0.0,1788984720.122876,0.0,1788984720.1228964,0.0,0.0,0.0,1.0,0.0,2560912.0,1788984720.123118,1197984.0,1788984720.1231363,1362928.0,1788984720.1231527,0.0,1788984720.1231701,0.0,1788984720.1231909,0.0,1788984720.12321,0.0,1788984720.1232266,2560912.0,1788984720.1232803,2560912.0,5366954160.369929,1197984.0,1788984720.1233325,1319.0,1788984720.12335,94.0,8944923600.616976,102.0,94.0,2560912.0,1788984720.1234593,1282.0,94.0,1319.0,1788984720.1235328,15779.0,1220.0,2562231.0,1788984720.1235816,1282.0,94.0,1319.0,1788984720.1236355,564.0,94.0,94.0,1788984720.1236787,1274.0,94.0,2301.0,1788984720.1237156,1039.0,94.0,1137.048888683319,1788984720.123771,22066.0,1225.0,43.02429474100006,1788984720.1239083,1826.0,94.0,0.8904264537668624,1788984720.123963,1463.0,94.0,1180.0545377731323,1788984720.1240208,1602.0,94.0,831.9201504280005,1788984720.124081,1590.0,94.0,323.7236347039992,1788984720.124134,1675.0,94.0,280.69933996299915,1788984720.1241984,1987.0,94.0,43.02429474100006,1788984720.1242516,418.0,94.0,1362928.0,1788984720.1243124,1.0,107.0,5366954195.928939,107.0,19124894.0,5366954195.929008,107.0,132244.0,5366954195.929079,1119.0,107.0,1182.206119788,1788984720.2980843,212.0,107.0,1182.2061197880003,5366954195.929164,0.0
981234820527,1788985096158050758,17765.0,0.0,2067.0,1.0,17024446464.0,1846308864.0,1788984670.17,32.25,64.0,1048576.0,0.0,1788984720.1228452,0.0,1788984720.122876,0.0,1788984720.1228964,0.0,0.0,0.0,1.0,0.0,2560912.0,1788984720.123118,1197984.0,1788984720.1231363,1362928.0,1788984720.1231527,0.0,1788984720.1231701,0.0,1788984720.1231909,0.0,1788984720.12321,0.0,1788984720.1232266,2560912.0,1788984720.1232803,2560912.0,5366954160.369929,1197984.0,1788984720.1233325,1319.0,1788984720.12335,94.0,8944923600.616976,102.0,94.0,2560912.0,1788984720.1234593,1282.0,94.0,1319.0,1788984720.1235328,15779.0,1220.0,2562231.0,1788984720.1235816,1282.0,94.0,1319.0,1788984720.1236355,564.0,94.0,94.0,1788984720.1236787,1274.0,94.0,2301.0,1788984720.1237156,1039.0,94.0,1137.048888683319,1788984720.123771,22066.0,1225.0,43.02429474100006,1788984720.1239083,1826.0,94.0,0.8904264537668624,1788984720.123963,1463.0,94.0,1180.0545377731323,1788984720.1240208,1602.0,94.0,831.9201504280005,1788984720.124081,1590.0,94.0,323.7236347039992,1788984720.124134,1675.0,94.0,280.69933996299915,1788984720.1241984,1987.0,94.0,43.02429474100006,1788984720.1242516,418.0,94.0,1362928.0,1788984720.1243124,1.0,107.0,5366954195.928939,107.0,19124894.0,5366954195.929008,107.0,132244.0,5366954195.929079,1119.0,107.0,1182.206119788,1788984720.2980843,212.0,107.0,1182.2061197880003,5366954195.929164,0.0
981743761865,1788985096666992085,17765.0,0.0,2067.0,1.0,17024446464.0,1846308864.0,1788984670.17,32.26,64.0,1048576.0,0.0,1788984720.1228452,0.0,1788984720.122876,0.0,1788984720.1228964,0.0,0.0,0.0,1.0,0.0,2560912.0,1788984720.123118,1197984.0,1788984720.1231363,1362928.0,1788984720.1231527,0.0,1788984720.1231701,0.0,1788984720.1231909,0.0,1788984720.12321,0.0,1788984720.1232266,2560912.0,1788984720.1232803,2560912.0,5366954160.369929,1197984.0,1788984720.1233325,1319.0,1788984720.12335,94.0,8944923600.616976,102.0,94.0,2560912.0,1788984720.1234593,1282.0,94.0,1319.0,1788984720.1235328,15779.0,1220.0,2562231.0,1788984720.1235816,1282.0,94.0,1319.0,1788984720.1236355,564.0,94.0,94.0,1788984720.1236787,1274.0,94.0,2301.0,1788984720.1237156,1039.0,94.0,1137.048888683319,1788984720.123771,22066.0,1225.0,43.02429474100006,1788984720.1239083,1826.0,94.0,0.8904264537668624,1788984720.123963,1463.0,94.0,1180.0545377731323,1788984720.1240208,1602.0,94.0,831.9201504280005,1788984720.124081,1590.0,94.0,323.7236347039992,1788984720.124134,1675.0,94.0,280.69933996299915,1788984720.1241984,1987.0,94.0,43.02429474100006,1788984720.1242516,418.0,94.0,1362928.0,1788984720.1243124,1.0,107.0,5366954195.928939,107.0,19124894.0,5366954195.929008,107.0,132244.0,5366954195.929079,1119.0,107.0,1182.206119788,1788984720.2980843,212.0,107.0,1182.2061197880003,5366954195.929164,0.0
982253025192,1788985097176255323,17765.0,0.0,2067.0,1.0,17024446464.0,1846308864.0,1788984670.17,32.27,64.0,1048576.0,0.0,1788984720.1228452,0.0,1788984720.122876,0.0,1788984720.1228964,0.0,0.0,0.0,1.0,0.0,2560912.0,1788984720.123118,1197984.0,1788984720.1231363,1362928.0,1788984720.1231527,0.0,1788984720.1231701,0.0,1788984720.1231909,0.0,1788984720.12321,0.0,1788984720.1232266,2560912.0,1788984720.1232803,2560912.0,5366954160.369929,1197984.0,1788984720.1233325,1319.0,1788984720.12335,94.0,8944923600.616976,102.0,94.0,2560912.0,1788984720.1234593,1282.0,94.0,1319.0,1788984720.1235328,15779.0,1220.0,2562231.0,1788984720.1235816,1282.0,94.0,1319.0,1788984720.1236355,564.0,94.0,94.0,1788984720.1236787,1274.0,94.0,2301.0,1788984720.1237156,1039.0,94.0,1137.048888683319,1788984720.123771,22066.0,1225.0,43.02429474100006,1788984720.1239083,1826.0,94.0,0.8904264537668624,1788984720.123963,1463.0,94.0,1180.0545377731323,1788984720.1240208,1602.0,94.0,831.9201504280005,1788984720.124081,1590.0,94.0,323.7236347039992,1788984720.124134,1675.0,94.0,280.69933996299915,1788984720.1241984,1987.0,94.0,43.02429474100006,1788984720.1242516,418.0,94.0,1362928.0,1788984720.1243124,1.0,107.0,5366954195.928939,107.0,19124894.0,5366954195.929008,107.0,132244.0,5366954195.929079,1119.0,107.0,1182.206119788,1788984720.2980843,212.0,107.0,1182.2061197880003,5366954195.929164,0.0
982762394010,1788985097685624442,17765.0,0.0,2067.0,1.0,17024446464.0,1846308864.0,1788984670.17,32.27,64.0,1048576.0,0.0,1788984720.1228452,0.0,1788984720.122876,0.0,1788984720.1228964,0.0,0.0,0.0,1.0,0.0,2560912.0,1788984720.123118,1197984.0,1788984720.1231363,1362928.0,1788984720.1231527,0.0,1788984720.1231701,0.0,1788984720.1231909,0.0,1788984720.12321,0.0,1788984720.1232266,2560912.0,1788984720.1232803,2560912.0,5366954160.369929,1197984.0,1788984720.1233325,1319.0,1788984720.12335,94.0,8944923600.616976,102.0,94.0,2560912.0,1788984720.1234593,1282.0,94.0,1319.0,1788984720.1235328,15779.0,1220.0,2562231.0,1788984720.1235816,1282.0,94.0,1319.0,1788984720.1236355,564.0,94.0,94.0,1788984720.1236787,1274.0,94.0,2301.0,1788984720.1237156,1039.0,94.0,1137.048888683319,1788984720.123771,22066.0,1225.0,43.02429474100006,1788984720.1239083,1826.0,94.0,0.8904264537668624,1788984720.123963,1463.0,94.0,1180.0545377731323,1788984720.1240208,1602.0,94.0,831.9201504280005,1788984720.124081,1590.0,94.0,323.7236347039992,1788984720.124134,1675.0,94.0,280.69933996299915,1788984720.1241984,1987.0,94.0,43.02429474100006,1788984720.1242516,418.0,94.0,1362928.0,1788984720.1243124,1.0,107.0,5366954195.928939,107.0,19124894.0,5366954195.929008,107.0,132244.0,5366954195.929079,1119.0,107.0,1182.206119788,1788984720.2980843,212.0,107.0,1182.2061197880003,5366954195.929164,0.0
983271686215,1788985098194916406,17765.0,0.0,2067.0,1.0,17024446464.0,1846308864.0,1788984670.17,32.28,64.0,1048576.0,0.0,1788984720.1228452,0.0,1788984720.122876,0.0,1788984720.1228964,0.0,0.0,0.0,1.0,0.0,2560912.0,1788984720.123118,1197984.0,1788984720.1231363,1362928.0,1788984720.1231527,0.0,1788984720.1231701,0.0,1788984720.1231909,0.0,1788984720.12321,0.0,1788984720.1232266,2560912.0,1788984720.1232803,2560912.0,5366954160.369929,1197984.0,1788984720.1233325,1319.0,1788984720.12335,94.0,8944923600.616976,102.0,94.0,2560912.0,1788984720.1234593,1282.0,94.0,1319.0,1788984720.1235328,15779.0,1220.0,2562231.0,1788984720.1235816,1282.0,94.0,1319.0,1788984720.1236355,564.0,94.0,94.0,1788984720.1236787,1274.0,94.0,2301.0,1788984720.1237156,1039.0,94.0,1137.048888683319,1788984720.123771,22066.0,1225.0,43.02429474100006,1788984720.1239083,1826.0,94.0,0.8904264537668624,1788984720.123963,1463.0,94.0,1180.0545377731323,1788984720.1240208,1602.0,94.0,831.9201504280005,1788984720.124081,1590.0,94.0,323.7236347039992,1788984720.124134,1675.0,94.0,280.69933996299915,1788984720.1241984,1987.0,94.0,43.02429474100006,1788984720.1242516,418.0,94.0,1362928.0,1788984720.1243124,1.0,107.0,5366954195.928939,107.0,19124894.0,5366954195.929008,107.0,132244.0,5366954195.929079,1119.0,107.0,1182.206119788,1788984720.2980843,212.0,107.0,1182.2061197880003,5366954195.929164,0.0
983781561657,1788985098704791998,17765.0,0.0,2067.0,1.0,17024446464.0,1846308864.0,1788984670.17,32.29,64.0,1048576.0,0.0,1788984720.1228452,0.0,1788984720.122876,0.0,1788984720.1228964,0.0,0.0,0.0,1.0,0.0,2560912.0,1788984720.123118,1197984.0,1788984720.1231363,1362928.0,1788984720.1231527,0.0,1788984720.1231701,0.0,1788984720.1231909,0.0,1788984720.12321,0.0,1788984720.1232266,2560912.0,1788984720.1232803,2560912.0,5366954160.369929,1197984.0,1788984720.1233325,1319.0,1788984720.12335,94.0,8944923600.616976,102.0,94.0,2560912.0,1788984720.1234593,1282.0,94.0,1319.0,1788984720.1235328,15779.0,1220.0,2562231.0,1788984720.1235816,1282.0,94.0,1319.0,1788984720.1236355,564.0,94.0,94.0,1788984720.1236787,1274.0,94.0,2301.0,1788984720.1237156,1039.0,94.0,1137.048888683319,1788984720.123771,22066.0,1225.0,43.02429474100006,1788984720.1239083,1826.0,94.0,0.8904264537668624,1788984720.123963,1463.0,94.0,1180.0545377731323,1788984720.1240208,1602.0,94.0,831.9201504280005,1788984720.124081,1590.0,94.0,323.7236347039992,1788984720.124134,1675.0,94.0,280.69933996299915,1788984720.1241984,1987.0,94.0,43.02429474100006,1788984720.1242516,418.0,94.0,1362928.0,1788984720.1243124,1.0,107.0,5366954195.928939,107.0,19124894.0,5366954195.929008,107.0,132244.0,5366954195.929079,1119.0,107.0,1182.206119788,1788984720.2980843,212.0,107.0,1182.2061197880003,5366954195.929164,0.0
984290512899,1788985099213743160,17765.0,0.0,2067.0,1.0,17024446464.0,1846308864.0,1788984670.17,32.29,63.0,1048576.0,0.0,1788984720.1228452,0.0,1788984720.122876,0.0,1788984720.1228964,0.0,0.0,0.0,1.0,0.0,2560912.0,1788984720.123118,1197984.0,1788984720.1231363,1362928.0,1788984720.1231527,0.0,1788984720.1231701,0.0,1788984720.1231909,0.0,1788984720.12321,0.0,1788984720.1232266,2560912.0,1788984720.1232803,2560912.0,5366954160.369929,1197984.0,1788984720.1233325,1319.0,1788984720.12335,94.0,8944923600.616976,102.0,94.0,2560912.0,1788984720.1234593,1282.0,94.0,1319.0,1788984720.1235328,15779.0,1220.0,2562231.0,1788984720.1235816,1282.0,94.0,1319.0,1788984720.1236355,564.0,94.0,94.0,1788984720.1236787,1274.0,94.0,2301.0,1788984720.1237156,1039.0,94.0,1137.048888683319,1788984720.123771,22066.0,1225.0,43.02429474100006,1788984720.1239083,1826.0,94.0,0.8904264537668624,1788984720.123963,1463.0,94.0,1180.0545377731323,1788984720.1240208,1602.0,94.0,831.9201504280005,1788984720.124081,1590.0,94.0,323.7236347039992,1788984720.124134,1675.0,94.0,280.69933996299915,1788984720.1241984,1987.0,94.0,43.02429474100006,1788984720.1242516,418.0,94.0,1362928.0,1788984720.1243124,1.0,107.0,5366954195.928939,107.0,19124894.0,5366954195.929008,107.0,132244.0,5366954195.929079,1119.0,107.0,1182.206119788,1788984720.2980843,212.0,107.0,1182.2061197880003,5366954195.929164,0.0
984799372880,1788985099722603040,17765.0,0.0,2067.0,1.0,17024446464.0,1846308864.0,1788984670.17,32.300000000000004,63.0,1048576.0,0.0,1788984720.1228452,0.0,1788984720.122876,0.0,1788984720.1228964,0.0,0.0,0.0,1.0,0.0,2560912.0,1788984720.123118,1197984.0,1788984720.1231363,1362928.0,1788984720.1231527,0.0,1788984720.1231701,0.0,1788984720.1231909,0.0,1788984720.12321,0.0,1788984720.1232266,2560912.0,1788984720.1232803,2560912.0,5366954160.369929,1197984.0,1788984720.1233325,1319.0,1788984720.12335,94.0,8944923600.616976,102.0,94.0,2560912.0,1788984720.1234593,1282.0,94.0,1319.0,1788984720.1235328,15779.0,1220.0,2562231.0,1788984720.1235816,1282.0,94.0,1319.0,1788984720.1236355,564.0,94.0,94.0,1788984720.1236787,1274.0,94.0,2301.0,1788984720.1237156,1039.0,94.0,1137.048888683319,1788984720.123771,22066.0,1225.0,43.02429474100006,1788984720.1239083,1826.0,94.0,0.8904264537668624,1788984720.123963,1463.0,94.0,1180.0545377731323,1788984720.1240208,1602.0,94.0,831.9201504280005,1788984720.124081,1590.0,94.0,323.7236347039992,1788984720.124134,1675.0,94.0,280.69933996299915,1788984720.1241984,1987.0,94.0,43.02429474100006,1788984720.1242516,418.0,94.0,1362928.0,1788984720.1243124,1.0,107.0,5366954195.928939,107.0,19124894.0,5366954195.929008,107.0,132244.0,5366954195.929079,1119.0,107.0,1182.206119788,1788984720.2980843,212.0,107.0,1182.2061197880003,5366954195.929164,0.0
985309180762,1788985100232411033,17765.0,0.0,2067.0,1.0,17024446464.0,1846308864.0,1788984670.17,32.300000000000004,62.0,1048576.0,0.0,1788984720.1228452,0.0,1788984720.122876,0.0,1788984720.1228964,0.0,0.0,0.0,1.0,0.0,2560912.0,1788984720.123118,1197984.0,1788984720.1231363,1362928.0,1788984720.1231527,0.0,1788984720.1231701,0.0,1788984720.1231909,0.0,1788984720.12321,0.0,1788984720.1232266,2560912.0,1788984720.1232803,2560912.0,5366954160.369929,1197984.0,1788984720.1233325,1319.0,1788984720.12335,94.0,8944923600.616976,102.0,94.0,2560912.0,1788984720.1234593,1282.0,94.0,1319.0,1788984720.1235328,15779.0,1220.0,2562231.0,1788984720.1235816,1282.0,94.0,1319.0,1788984720.1236355,564.0,94.0,94.0,1788984720.1236787,1274.0,94.0,2301.0,1788984720.1237156,1039.0,94.0,1137.048888683319,1788984720.123771,22066.0,1225.0,43.02429474100006,1788984720.1239083,1826.0,94.0,0.8904264537668624,1788984720.123963,1463.0,94.0,1180.0545377731323,1788984720.1240208,1602.0,94.0,831.9201504280005,1788984720.124081,1590.0,94.0,323.7236347039992,1788984720.124134,1675.0,94.0,280.69933996299915,1788984720.1241984,1987.0,94.0,43.02429474100006,1788984720.1242516,418.0,94.0,1362928.0,1788984720.1243124,1.0,107.0,5366954195.928939,107.0,19124894.0,5366954195.929008,107.0,132244.0,5366954195.929079,1119.0,107.0,1182.206119788,1788984720.2980843,212.0,107.0,1182.2061197880003,5366954195.929164,0.0
985818597379,1788985100741827559,17765.0,0.0,2067.0,1.0,17024446464.0,1846308864.0,1788984670.17,32.31,62.0,1048576.0,0.0,1788984720.1228452,0.0,1788984720.122876,0.0,1788984720.1228964,0.0,0.0,0.0,1.0,0.0,2560912.0,1788984720.123118,1197984.0,1788984720.1231363,1362928.0,1788984720.1231527,0.0,1788984720.1231701,0.0,1788984720.1231909,0.0,1788984720.12321,0.0,1788984720.1232266,2560912.0,1788984720.1232803,2560912.0,5366954160.369929,1197984.0,1788984720.1233325,1319.0,1788984720.12335,94.0,8944923600.616976,102.0,94.0,2560912.0,1788984720.1234593,1282.0,94.0,1319.0,1788984720.1235328,15779.0,1220.0,2562231.0,1788984720.1235816,1282.0,94.0,1319.0,1788984720.1236355,564.0,94.0,94.0,1788984720.1236787,1274.0,94.0,2301.0,1788984720.1237156,1039.0,94.0,1137.048888683319,1788984720.123771,22066.0,1225.0,43.02429474100006,1788984720.1239083,1826.0,94.0,0.8904264537668624,1788984720.123963,1463.0,94.0,1180.0545377731323,1788984720.1240208,1602.0,94.0,831.9201504280005,1788984720.124081,1590.0,94.0,323.7236347039992,1788984720.124134,1675.0,94.0,280.69933996299915,1788984720.1241984,1987.0,94.0,43.02429474100006,1788984720.1242516,418.0,94.0,1362928.0,1788984720.1243124,1.0,107.0,5366954195.928939,107.0,19124894.0,5366954195.929008,107.0,132244.0,5366954195.929079,1119.0,107.0,1182.206119788,1788984720.2980843,212.0,107.0,1182.2061197880003,5366954195.929164,0.0
986328282190,1788985101251512501,17765.0,0.0,2067.0,1.0,17024446464.0,1846308864.0,1788984670.17,32.32,62.0,1048576.0,0.0,1788984720.1228452,0.0,1788984720.122876,0.0,1788984720.1228964,0.0,0.0,0.0,1.0,0.0,2560912.0,1788984720.123118,1197984.0,1788984720.1231363,1362928.0,1788984720.1231527,0.0,1788984720.1231701,0.0,1788984720.1231909,0.0,1788984720.12321,0.0,1788984720.1232266,2560912.0,1788984720.1232803,2560912.0,5366954160.369929,1197984.0,1788984720.1233325,1319.0,1788984720.12335,94.0,8944923600.616976,102.0,94.0,2560912.0,1788984720.1234593,1282.0,94.0,1319.0,1788984720.1235328,15779.0,1220.0,2562231.0,1788984720.1235816,1282.0,94.0,1319.0,1788984720.1236355,564.0,94.0,94.0,1788984720.1236787,1274.0,94.0,2301.0,1788984720.1237156,1039.0,94.0,1137.048888683319,1788984720.123771,22066.0,1225.0,43.02429474100006,1788984720.1239083,1826.0,94.0,0.8904264537668624,1788984720.123963,1463.0,94.0,1180.0545377731323,1788984720.1240208,1602.0,94.0,831.9201504280005,1788984720.124081,1590.0,94.0,323.7236347039992,1788984720.124134,1675.0,94.0,280.69933996299915,1788984720.1241984,1987.0,94.0,43.02429474100006,1788984720.1242516,418.0,94.0,1362928.0,1788984720.1243124,1.0,107.0,5366954195.928939,107.0,19124894.0,5366954195.929008,107.0,132244.0,5366954195.929079,1119.0,107.0,1182.206119788,1788984720.2980843,212.0,107.0,1182.2061197880003,5366954195.929164,0.0
986837832638,1788985101761062969,17765.0,0.0,2067.0,1.0,17024446464.0,1846308864.0,1788984670.17,32.32,62.0,1048576.0,0.0,1788984720.1228452,0.0,1788984720.122876,0.0,1788984720.1228964,0.0,0.0,0.0,1.0,0.0,2560912.0,1788984720.123118,1197984.0,1788984720.1231363,1362928.0,1788984720.1231527,0.0,1788984720.1231701,0.0,1788984720.1231909,0.0,1788984720.12321,0.0,1788984720.1232266,2560912.0,1788984720.1232803,2560912.0,5366954160.369929,1197984.0,1788984720.1233325,1319.0,1788984720.12335,94.0,8944923600.616976,102.0,94.0,2560912.0,1788984720.1234593,1282.0,94.0,1319.0,1788984720.1235328,15779.0,1220.0,2562231.0,1788984720.1235816,1282.0,94.0,1319.0,1788984720.1236355,564.0,94.0,94.0,1788984720.1236787,1274.0,94.0,2301.0,1788984720.1237156,1039.0,94.0,1137.048888683319,1788984720.123771,22066.0,1225.0,43.02429474100006,1788984720.1239083,1826.0,94.0,0.8904264537668624,1788984720.123963,1463.0,94.0,1180.0545377731323,1788984720.1240208,1602.0,94.0,831.9201504280005,1788984720.124081,1590.0,94.0,323.7236347039992,1788984720.124134,1675.0,94.0,280.69933996299915,1788984720.1241984,1987.0,94.0,43.02429474100006,1788984720.1242516,418.0,94.0,1362928.0,1788984720.1243124,1.0,107.0,5366954195.928939,107.0,19124894.0,5366954195.929008,107.0,132244.0,5366954195.929079,1119.0,107.0,1182.206119788,1788984720.2980843,212.0,107.0,1182.2061197880003,5366954195.929164,0.0
987347518461,1788985102270748762,17765.0,0.0,2067.0,1.0,17024446464.0,1846308864.0,1788984670.17,32.33,62.0,1048576.0,0.0,1788984720.1228452,0.0,1788984720.122876,0.0,1788984720.1228964,0.0,0.0,0.0,1.0,0.0,2560912.0,1788984720.123118,1197984.0,1788984720.1231363,1362928.0,1788984720.1231527,0.0,1788984720.1231701,0.0,1788984720.1231909,0.0,1788984720.12321,0.0,1788984720.1232266,2560912.0,1788984720.1232803,2560912.0,5366954160.369929,1197984.0,1788984720.1233325,1319.0,1788984720.12335,94.0,8944923600.616976,102.0,94.0,2560912.0,1788984720.1234593,1282.0,94.0,1319.0,1788984720.1235328,15779.0,1220.0,2562231.0,1788984720.1235816,1282.0,94.0,1319.0,1788984720.1236355,564.0,94.0,94.0,1788984720.1236787,1274.0,94.0,2301.0,1788984720.1237156,1039.0,94.0,1137.048888683319,1788984720.123771,22066.0,1225.0,43.02429474100006,1788984720.1239083,1826.0,94.0,0.8904264537668624,1788984720.123963,1463.0,94.0,1180.0545377731323,1788984720.1240208,1602.0,94.0,831.9201504280005,1788984720.124081,1590.0,94.0,323.7236347039992,1788984720.124134,1675.0,94.0,280.69933996299915,1788984720.1241984,1987.0,94.0,43.02429474100006,1788984720.1242516,418.0,94.0,1362928.0,1788984720.1243124,1.0,107.0,5366954195.928939,107.0,19124894.0,5366954195.929008,107.0,132244.0,5366954195.929079,1119.0,107.0,1182.206119788,1788984720.2980843,212.0,107.0,1182.2061197880003,5366954195.929164,0.0
987857156524,1788985102780386825,17765.0,0.0,2067.0,1.0,17024446464.0,1846308864.0,1788984670.17,32.34,62.0,1048576.0,0.0,1788984720.1228452,0.0,1788984720.122876,0.0,1788984720.1228964,0.0,0.0,0.0,1.0,0.0,2560912.0,1788984720.123118,1197984.0,1788984720.1231363,1362928.0,1788984720.1231527,0.0,1788984720.1231701,0.0,1788984720.1231909,0.0,1788984720.12321,0.0,1788984720.1232266,2560912.0,1788984720.1232803,2560912.0,5366954160.369929,1197984.0,1788984720.1233325,1319.0,1788984720.12335,94.0,8944923600.616976,102.0,94.0,2560912.0,1788984720.1234593,1282.0,94.0,1319.0,1788984720.1235328,15779.0,1220.0,2562231.0,1788984720.1235816,1282.0,94.0,1319.0,1788984720.1236355,564.0,94.0,94.0,1788984720.1236787,1274.0,94.0,2301.0,1788984720.1237156,1039.0,94.0,1137.048888683319,1788984720.123771,22066.0,1225.0,43.02429474100006,1788984720.1239083,1826.0,94.0,0.8904264537668624,1788984720.123963,1463.0,94.0,1180.0545377731323,1788984720.1240208,1602.0,94.0,831.9201504280005,1788984720.124081,1590.0,94.0,323.7236347039992,1788984720.124134,1675.0,94.0,280.69933996299915,1788984720.1241984,1987.0,94.0,43.02429474100006,1788984720.1242516,418.0,94.0,1362928.0,1788984720.1243124,1.0,107.0,5366954195.928939,107.0,19124894.0,5366954195.929008,107.0,132244.0,5366954195.929079,1119.0,107.0,1182.206119788,1788984720.2980843,212.0,107.0,1182.2061197880003,5366954195.929164,0.0
988366924702,1788985103290155123,17765.0,0.0,2067.0,1.0,17024446464.0,1846308864.0,1788984670.17,32.34,62.0,1048576.0,0.0,1788984720.1228452,0.0,1788984720.122876,0.0,1788984720.1228964,0.0,0.0,0.0,1.0,0.0,2560912.0,1788984720.123118,1197984.0,1788984720.1231363,1362928.0,1788984720.1231527,0.0,1788984720.1231701,0.0,1788984720.1231909,0.0,1788984720.12321,0.0,1788984720.1232266,2560912.0,1788984720.1232803,2560912.0,5366954160.369929,1197984.0,1788984720.1233325,1319.0,1788984720.12335,94.0,8944923600.616976,102.0,94.0,2560912.0,1788984720.1234593,1282.0,94.0,1319.0,1788984720.1235328,15779.0,1220.0,2562231.0,1788984720.1235816,1282.0,94.0,1319.0,1788984720.1236355,564.0,94.0,94.0,1788984720.1236787,1274.0,94.0,2301.0,1788984720.1237156,1039.0,94.0,1137.048888683319,1788984720.123771,22066.0,1225.0,43.02429474100006,1788984720.1239083,1826.0,94.0,0.8904264537668624,1788984720.123963,1463.0,94.0,1180.0545377731323,1788984720.1240208,1602.0,94.0,831.9201504280005,1788984720.124081,1590.0,94.0,323.7236347039992,1788984720.124134,1675.0,94.0,280.69933996299915,1788984720.1241984,1987.0,94.0,43.02429474100006,1788984720.1242516,418.0,94.0,1362928.0,1788984720.1243124,1.0,107.0,5366954195.928939,107.0,19124894.0,5366954195.929008,107.0,132244.0,5366954195.929079,1119.0,107.0,1182.206119788,1788984720.2980843,212.0,107.0,1182.2061197880003,5366954195.929164,0.0
988876488065,1788985103799718406,17765.0,0.0,2067.0,1.0,17024446464.0,1846308864.0,1788984670.17,32.35,62.0,1048576.0,0.0,1788984720.1228452,0.0,1788984720.122876,0.0,1788984720.1228964,0.0,0.0,0.0,1.0,0.0,2560912.0,1788984720.123118,1197984.0,1788984720.1231363,1362928.0,1788984720.1231527,0.0,1788984720.1231701,0.0,1788984720.1231909,0.0,1788984720.12321,0.0,1788984720.1232266,2560912.0,1788984720.1232803,2560912.0,5366954160.369929,1197984.0,1788984720.1233325,1319.0,1788984720.12335,94.0,8944923600.616976,102.0,94.0,2560912.0,1788984720.1234593,1282.0,94.0,1319.0,1788984720.1235328,15779.0,1220.0,2562231.0,1788984720.1235816,1282.0,94.0,1319.0,1788984720.1236355,564.0,94.0,94.0,1788984720.1236787,1274.0,94.0,2301.0,1788984720.1237156,1039.0,94.0,1137.048888683319,1788984720.123771,22066.0,1225.0,43.02429474100006,1788984720.1239083,1826.0,94.0,0.8904264537668624,1788984720.123963,1463.0,94.0,1180.0545377731323,1788984720.1240208,1602.0,94.0,831.9201504280005,1788984720.124081,1590.0,94.0,323.7236347039992,1788984720.124134,1675.0,94.0,280.69933996299915,1788984720.1241984,1987.0,94.0,43.02429474100006,1788984720.1242516,418.0,94.0,1362928.0,1788984720.1243124,1.0,107.0,5366954195.928939,107.0,19124894.0,5366954195.929008,107.0,132244.0,5366954195.929079,1119.0,107.0,1182.206119788,1788984720.2980843,212.0,107.0,1182.2061197880003,5366954195.929164,0.0
989386197131,1788985104309427432,17765.0,0.0,2067.0,1.0,17024446464.0,1846308864.0,1788984670.17,32.36,62.0,1048576.0,0.0,1788984720.1228452,0.0,1788984720.122876,0.0,1788984720.1228964,0.0,0.0,0.0,1.0,0.0,2560912.0,1788984720.123118,1197984.0,1788984720.1231363,1362928.0,1788984720.1231527,0.0,1788984720.1231701,0.0,1788984720.1231909,0.0,1788984720.12321,0.0,1788984720.1232266,2560912.0,1788984720.1232803,2560912.0,5366954160.369929,1197984.0,1788984720.1233325,1319.0,1788984720.12335,94.0,8944923600.616976,102.0,94.0,2560912.0,1788984720.1234593,1282.0,94.0,1319.0,1788984720.1235328,15779.0,1220.0,2562231.0,1788984720.1235816,1282.0,94.0,1319.0,1788984720.1236355,564.0,94.0,94.0,1788984720.1236787,1274.0,94.0,2301.0,1788984720.1237156,1039.0,94.0,1137.048888683319,1788984720.123771,22066.0,1225.0,43.02429474100006,1788984720.1239083,1826.0,94.0,0.8904264537668624,1788984720.123963,1463.0,94.0,1180.0545377731323,1788984720.1240208,1602.0,94.0,831.9201504280005,1788984720.124081,1590.0,94.0,323.7236347039992,1788984720.124134,1675.0,94.0,280.69933996299915,1788984720.1241984,1987.0,94.0,43.02429474100006,1788984720.1242516,418.0,94.0,1362928.0,1788984720.1243124,1.0,107.0,5366954195.928939,107.0,19124894.0,5366954195.929008,107.0,132244.0,5366954195.929079,1119.0,107.0,1182.206119788,1788984720.2980843,212.0,107.0,1182.2061197880003,5366954195.929164,0.0
989896459388,1788985104819689799,17765.0,0.0,2067.0,1.0,17024446464.0,1846308864.0,1788984670.17,32.36,62.0,1048576.0,0.0,1788984720.1228452,0.0,1788984720.122876,0.0,1788984720.1228964,0.0,0.0,0.0,1.0,0.0,2560912.0,1788984720.123118,1197984.0,1788984720.1231363,1362928.0,1788984720.1231527,0.0,1788984720.1231701,0.0,1788984720.1231909,0.0,1788984720.12321,0.0,1788984720.1232266,2560912.0,1788984720.1232803,2560912.0,5366954160.369929,1197984.0,1788984720.1233325,1319.0,1788984720.12335,94.0,8944923600.616976,102.0,94.0,2560912.0,1788984720.1234593,1282.0,94.0,1319.0,1788984720.1235328,15779.0,1220.0,2562231.0,1788984720.1235816,1282.0,94.0,1319.0,1788984720.1236355,564.0,94.0,94.0,1788984720.1236787,1274.0,94.0,2301.0,1788984720.1237156,1039.0,94.0,1137.048888683319,1788984720.123771,22066.0,1225.0,43.02429474100006,1788984720.1239083,1826.0,94.0,0.8904264537668624,1788984720.123963,1463.0,94.0,1180.0545377731323,1788984720.1240208,1602.0,94.0,831.9201504280005,1788984720.124081,1590.0,94.0,323.7236347039992,1788984720.124134,1675.0,94.0,280.69933996299915,1788984720.1241984,1987.0,94.0,43.02429474100006,1788984720.1242516,418.0,94.0,1362928.0,1788984720.1243124,1.0,107.0,5366954195.928939,107.0,19124894.0,5366954195.929008,107.0,132244.0,5366954195.929079,1119.0,107.0,1182.206119788,1788984720.2980843,212.0,107.0,1182.2061197880003,5366954195.929164,0.0
990405706938,1788985105328937248,17765.0,0.0,2067.0,1.0,17024446464.0,1846308864.0,1788984670.17,32.37,62.0,1048576.0,0.0,1788984720.1228452,0.0,1788984720.122876,0.0,1788984720.1228964,0.0,0.0,0.0,1.0,0.0,2560912.0,1788984720.123118,1197984.0,1788984720.1231363,1362928.0,1788984720.1231527,0.0,1788984720.1231701,0.0,1788984720.1231909,0.0,1788984720.12321,0.0,1788984720.1232266,2560912.0,1788984720.1232803,2560912.0,5366954160.369929,1197984.0,1788984720.1233325,1319.0,1788984720.12335,94.0,8944923600.616976,102.0,94.0,2560912.0,1788984720.1234593,1282.0,94.0,1319.0,1788984720.1235328,15779.0,1220.0,2562231.0,1788984720.1235816,1282.0,94.0,1319.0,1788984720.1236355,564.0,94.0,94.0,1788984720.1236787,1274.0,94.0,2301.0,1788984720.1237156,1039.0,94.0,1137.048888683319,1788984720.123771,22066.0,1225.0,43.02429474100006,1788984720.1239083,1826.0,94.0,0.8904264537668624,1788984720.123963,1463.0,94.0,1180.0545377731323,1788984720.1240208,1602.0,94.0,831.9201504280005,1788984720.124081,1590.0,94.0,323.7236347039992,1788984720.124134,1675.0,94.0,280.69933996299915,1788984720.1241984,1987.0,94.0,43.02429474100006,1788984720.1242516,418.0,94.0,1362928.0,1788984720.1243124,1.0,107.0,5366954195.928939,107.0,19124894.0,5366954195.929008,107.0,132244.0,5366954195.929079,1119.0,107.0,1182.206119788,1788984720.2980843,212.0,107.0,1182.2061197880003,5366954195.929164,0.0
990915648722,1788985105838879112,17765.0,0.0,2067.0,1.0,17024446464.0,1846308864.0,1788984670.17,32.38,62.0,1048576.0,0.0,1788984720.1228452,0.0,1788984720.122876,0.0,1788984720.1228964,0.0,0.0,0.0,1.0,0.0,2560912.0,1788984720.123118,1197984.0,1788984720.1231363,1362928.0,1788984720.1231527,0.0,1788984720.1231701,0.0,1788984720.1231909,0.0,1788984720.12321,0.0,1788984720.1232266,2560912.0,1788984720.1232803,2560912.0,5366954160.369929,1197984.0,1788984720.1233325,1319.0,1788984720.12335,94.0,8944923600.616976,102.0,94.0,2560912.0,1788984720.1234593,1282.0,94.0,1319.0,1788984720.1235328,15779.0,1220.0,2562231.0,1788984720.1235816,1282.0,94.0,1319.0,1788984720.1236355,564.0,94.0,94.0,1788984720.1236787,1274.0,94.0,2301.0,1788984720.1237156,1039.0,94.0,1137.048888683319,1788984720.123771,22066.0,1225.0,43.02429474100006,1788984720.1239083,1826.0,94.0,0.8904264537668624,1788984720.123963,1463.0,94.0,1180.0545377731323,1788984720.1240208,1602.0,94.0,831.9201504280005,1788984720.124081,1590.0,94.0,323.7236347039992,1788984720.124134,1675.0,94.0,280.69933996299915,1788984720.1241984,1987.0,94.0,43.02429474100006,1788984720.1242516,418.0,94.0,1362928.0,1788984720.1243124,1.0,107.0,5366954195.928939,107.0,19124894.0,5366954195.929008,107.0,132244.0,5366954195.929079,1119.0,107.0,1182.206119788,1788984720.2980843,212.0,107.0,1182.2061197880003,5366954195.929164,0.0
991425536654,1788985106348766865,17765.0,0.0,2067.0,1.0,17024446464.0,1846308864.0,1788984670.17,32.38,62.0,1048576.0,0.0,1788984720.1228452,0.0,1788984720.122876,0.0,1788984720.1228964,0.0,0.0,0.0,1.0,0.0,2560912.0,1788984720.123118,1197984.0,1788984720.1231363,1362928.0,1788984720.1231527,0.0,1788984720.1231701,0.0,1788984720.1231909,0.0,1788984720.12321,0.0,1788984720.1232266,2560912.0,1788984720.1232803,2560912.0,5366954160.369929,1197984.0,1788984720.1233325,1319.0,1788984720.12335,94.0,8944923600.616976,102.0,94.0,2560912.0,1788984720.1234593,1282.0,94.0,1319.0,1788984720.1235328,15779.0,1220.0,2562231.0,1788984720.1235816,1282.0,94.0,1319.0,1788984720.1236355,564.0,94.0,94.0,1788984720.1236787,1274.0,94.0,2301.0,1788984720.1237156,1039.0,94.0,1137.048888683319,1788984720.123771,22066.0,1225.0,43.02429474100006,1788984720.1239083,1826.0,94.0,0.8904264537668624,1788984720.123963,1463.0,94.0,1180.0545377731323,1788984720.1240208,1602.0,94.0,831.9201504280005,1788984720.124081,1590.0,94.0,323.7236347039992,1788984720.124134,1675.0,94.0,280.69933996299915,1788984720.1241984,1987.0,94.0,43.02429474100006,1788984720.1242516,418.0,94.0,1362928.0,1788984720.1243124,1.0,107.0,5366954195.928939,107.0,19124894.0,5366954195.929008,107.0,132244.0,5366954195.929079,1119.0,107.0,1182.206119788,1788984720.2980843,212.0,107.0,1182.2061197880003,5366954195.929164,0.0
991935088564,1788985106858319236,17765.0,0.0,2067.0,1.0,17024446464.0,1846308864.0,1788984670.17,32.42,63.0,1048576.0,0.0,1788984720.1228452,0.0,1788984720.122876,0.0,1788984720.1228964,1.0,0.0,0.0,1.0,0.031901840490797584,2591689.0,1788984720.123118,1228736.0,1788984720.1231363,1362953.0,1788984720.1231527,0.0,1788984720.1231701,0.0,1788984720.1231909,0.0,1788984720.12321,0.0,1788984720.1232266,2591689.0,1788984720.1232803,2591689.0,5366954160.369929,1228736.0,1788984720.1233325,1321.0,1788984720.12335,94.0,8944923600.616976,102.0,94.0,2560912.0,1788984720.1234593,1282.0,94.0,1319.0,1788984720.1235328,15794.0,1222.0,2593010.0,1788984720.1235816,1282.0,94.0,1319.0,1788984720.1236355,564.0,94.0,94.0,1788984720.1236787,1274.0,94.0,2301.0,1788984720.1237156,1055.0,95.0,1137.131905555725,1788984720.123771,22084.0,1226.0,43.058616107000034,1788984720.1239083,1826.0,94.0,0.8904264537668624,1788984720.123963,1463.0,94.0,1180.0545377731323,1788984720.1240208,1602.0,94.0,831.9201504280005,1788984720.124081,1590.0,94.0,323.7236347039992,1788984720.124134,1675.0,94.0,280.69933996299915,1788984720.1241984,1987.0,94.0,43.02429474100006,1788984720.1242516,418.0,94.0,1362928.0,1788984720.1243124,1.0,107.0,5366954195.928939,107.0,19124894.0,5366954195.929008,107.0,132244.0,5366954195.929079,1119.0,107.0,1182.206119788,1788984720.2980843,212.0,107.0,1182.2061197880003,5366954195.929164,0.031901840490797584
992445033851,1788985107368264442,17765.0,0.0,2067.0,1.0,17024446464.0,1846308864.0,1788984670.17,32.43,63.0,1048576.0,0.0,1788984720.1228452,0.0,1788984720.122876,0.0,1788984720.1228964,1.0,0.0,0.0,1.0,0.031918421488973614,2591689.0,1788984720.123118,1228736.0,1788984720.1231363,1362953.0,1788984720.1231527,0.0,1788984720.1231701,0.0,1788984720.1231909,0.0,1788984720.12321,0.0,1788984720.1232266,2591689.0,1788984720.1232803,2591689.0,5366954160.369929,1228736.0,1788984720.1233325,1335.0,1788984720.12335,94.0,8944923600.616976,102.0,94.0,2560912.0,1788984720.1234593,1282.0,94.0,1319.0,1788984720.1235328,15990.0,1236.0,2593024.0,1788984720.1235816,1282.0,94.0,1319.0,1788984720.1236355,564.0,94.0,94.0,1788984720.1236787,1274.0,94.0,2301.0,1788984720.1237156,1055.0,95.0,1137.131905555725,1788984720.123771,22336.0,1240.0,43.553624306000074,1788984720.1239083,1826.0,94.0,0.8904264537668624,1788984720.123963,1463.0,94.0,1180.0545377731323,1788984720.1240208,1602.0,94.0,831.9201504280005,1788984720.124081,1590.0,94.0,323.7236347039992,1788984720.124134,1675.0,94.0,280.69933996299915,1788984720.1241984,1987.0,94.0,43.02429474100006,1788984720.1242516,418.0,94.0,1362928.0,1788984720.1243124,1.0,107.0,5366954195.928939,107.0,19124894.0,5366954195.929008,107.0,132244.0,5366954195.929079,1119.0,107.0,1182.206119788,1788984720.2980843,212.0,107.0,1182.2061197880003,5366954195.929164,0.031918421488973614
992955050111,1788985107878280402,17765.0,0.0,2067.0,1.0,17024446464.0,1846308864.0,1788984670.17,32.45,63.0,1048576.0,0.0,1788984720.1228452,0.0,1788984720.122876,0.0,1788984720.1228964,1.0,0.0,0.0,1.0,0.031935002487149755,2591689.0,1788984720.123118,1228736.0,1788984720.1231363,1362953.0,1788984720.1231527,0.0,1788984720.1231701,0.0,1788984720.1231909,0.0,1788984720.12321,0.0,1788984720.1232266,2591689.0,1788984720.1232803,2591689.0,5366954160.369929,1228736.0,1788984720.1233325,1350.0,1788984720.12335,94.0,8944923600.616976,102.0,94.0,2560912.0,1788984720.1234593,1282.0,94.0,1319.0,1788984720.1235328,16200.0,1251.0,2593039.0,1788984720.1235816,1282.0,94.0,1319.0,1788984720.1236355,564.0,94.0,94.0,1788984720.1236787,1274.0,94.0,2301.0,1788984720.1237156,1055.0,95.0,1137.131905555725,1788984720.123771,22606.0,1255.0,44.064986797000074,1788984720.1239083,1826.0,94.0,0.8904264537668624,1788984720.123963,1463.0,94.0,1180.0545377731323,1788984720.1240208,1602.0,94.0,831.9201504280005,1788984720.124081,1590.0,94.0,323.7236347039992,1788984720.124134,1675.0,94.0,280.69933996299915,1788984720.1241984,1987.0,94.0,43.02429474100006,1788984720.1242516,418.0,94.0,1362928.0,1788984720.1243124,1.0,107.0,5366954195.928939,107.0,19124894.0,5366954195.929008,107.0,132244.0,5366954195.929079,1119.0,107.0,1182.206119788,1788984720.2980843,212.0,107.0,1182.2061197880003,5366954195.929164,0.031935002487149755
993464853551,1788985108388083772,17765.0,0.0,2067.0,1.0,17024446464.0,1846308864.0,1788984670.17,32.46,63.0,1048576.0,0.0,1788984720.1228452,0.0,1788984720.122876,0.0,1788984720.1228964,0.0,0.0,0.0,1.0,0.0,2591689.0,1788984720.123118,1228736.0,1788984720.1231363,1362953.0,1788984720.1231527,0.0,1788984720.1231701,0.0,1788984720.1231909,0.0,1788984720.12321,0.0,1788984720.1232266,2591689.0,1788984720.1232803,2591689.0,5366954160.369929,1228736.0,1788984720.1233325,1357.0,1788984720.12335,95.0,8944923600.616976,103.0,95.0,2591689.0,1788984720.1234593,1292.0,95.0,1357.0,1788984720.1235328,16298.0,1258.0,2593046.0,1788984720.1235816,1292.0,95.0,1357.0,1788984720.1236355,570.0,95.0,95.0,1788984720.1236787,1284.0,95.0,2339.0,1788984720.1237156,1055.0,95.0,1137.131905555725,1788984720.123771,22734.0,1262.0,44.27023413400002,1788984720.1239083,1844.0,95.0,0.9241004914155099,1788984720.123963,1481.0,95.0,1181.383499622345,1788984720.1240208,1624.0,95.0,831.9201727600005,1788984720.124081,1608.0,95.0,325.0430070749992,1788984720.124134,1697.0,95.0,280.7727729409992,1788984720.1241984,2005.0,95.0,44.27023413400002,1788984720.1242516,428.0,95.0,1362953.0,1788984720.1243124,1.0,108.0,5366954195.928939,108.0,19354368.0,5366954195.929008,108.0,132244.0,5366954195.929079,1132.0,108.0,1183.540596667,1788984720.2980843,213.0,108.0,1183.5405966670003,5366954195.929164,0.0
993974688641,1788985108897918932,17765.0,0.0,2067.0,1.0,17024446464.0,1846308864.0,1788984670.17,32.47,63.0,1048576.0,0.0,1788984720.1228452,0.0,1788984720.122876,0.0,1788984720.1228964,0.0,0.0,0.0,1.0,0.0,2591689.0,1788984720.123118,1228736.0,1788984720.1231363,1362953.0,1788984720.1231527,0.0,1788984720.1231701,0.0,1788984720.1231909,0.0,1788984720.12321,0.0,1788984720.1232266,2591689.0,1788984720.1232803,2591689.0,5366954160.369929,1228736.0,1788984720.1233325,1357.0,1788984720.12335,95.0,8944923600.616976,103.0,95.0,2591689.0,1788984720.1234593,1292.0,95.0,1357.0,1788984720.1235328,16298.0,1258.0,2593046.0,1788984720.1235816,1292.0,95.0,1357.0,1788984720.1236355,570.0,95.0,95.0,1788984720.1236787,1284.0,95.0,2339.0,1788984720.1237156,1055.0,95.0,1137.131905555725,1788984720.123771,22734.0,1262.0,44.27023413400002,1788984720.1239083,1844.0,95.0,0.9241004914155099,1788984720.123963,1481.0,95.0,1181.383499622345,1788984720.1240208,1624.0,95.0,831.9201727600005,1788984720.124081,1608.0,95.0,325.0430070749992,1788984720.124134,1697.0,95.0,280.7727729409992,1788984720.1241984,2005.0,95.0,44.27023413400002,1788984720.1242516,428.0,95.0,1362953.0,1788984720.1243124,1.0,108.0,5366954195.928939,108.0,19354368.0,5366954195.929008,108.0,132244.0,5366954195.929079,1132.0,108.0,1183.540596667,1788984720.2980843,213.0,108.0,1183.5405966670003,5366954195.929164,0.0
994484282226,1788985109407512517,17765.0,0.0,2067.0,1.0,17024446464.0,1846308864.0,1788984670.17,32.48,63.0,1048576.0,0.0,1788984720.1228452,0.0,1788984720.122876,0.0,1788984720.1228964,0.0,0.0,0.0,1.0,0.0,2591689.0,1788984720.123118,1228736.0,1788984720.1231363,1362953.0,1788984720.1231527,0.0,1788984720.1231701,0.0,1788984720.1231909,0.0,1788984720.12321,0.0,1788984720.1232266,2591689.0,1788984720.1232803,2591689.0,5366954160.369929,1228736.0,1788984720.1233325,1357.0,1788984720.12335,95.0,8944923600.616976,103.0,95.0,2591689.0,1788984720.1234593,1292.0,95.0,1357.0,1788984720.1235328,16298.0,1258.0,2593046.0,1788984720.1235816,1292.0,95.0,1357.0,1788984720.1236355,570.0,95.0,95.0,1788984720.1236787,1284.0,95.0,2339.0,1788984720.1237156,1055.0,95.0,1137.131905555725,1788984720.123771,22734.0,1262.0,44.27023413400002,1788984720.1239083,1844.0,95.0,0.9241004914155099,1788984720.123963,1481.0,95.0,1181.383499622345,1788984720.1240208,1624.0,95.0,831.9201727600005,1788984720.124081,1608.0,95.0,325.0430070749992,1788984720.124134,1697.0,95.0,280.7727729409992,1788984720.1241984,2005.0,95.0,44.27023413400002,1788984720.1242516,428.0,95.0,1362953.0,1788984720.1243124,1.0,108.0,5366954195.928939,108.0,19354368.0,5366954195.929008,108.0,132244.0,5366954195.929079,1132.0,108.0,1183.540596667,1788984720.2980843,213.0,108.0,1183.5405966670003,5366954195.929164,0.0
994993859111,1788985109917089341,17765.0,0.0,2067.0,1.0,17024446464.0,1846308864.0,1788984670.17,32.51,63.0,1048576.0,0.0,1788984720.1228452,0.0,1788984720.122876,0.0,1788984720.1228964,0.0,0.0,0.0,1.0,0.0,2618239.0,1788984720.123118,1255232.0,1788984720.1231363,1363007.0,1788984720.1231527,0.0,1788984720.1231701,0.0,1788984720.1231909,0.0,1788984720.12321,0.0,1788984720.1232266,2618239.0,1788984720.1232803,2618239.0,5366954160.369929,1255232.0,1788984720.1233325,1358.0,1788984720.12335,96.0,8944923600.616976,104.0,96.0,2618239.0,1788984720.1234593,1307.0,96.0,1358.0,1788984720.1235328,16299.0,1259.0,2619597.0,1788984720.1235816,1307.0,96.0,1358.0,1788984720.1236355,576.0,96.0,96.0,1788984720.1236787,1299.0,96.0,2340.0,1788984720.1237156,1073.0,96.0,1137.1824741363525,1788984720.123771,22734.0,1262.0,44.27023413400002,1788984720.1239083,1864.0,96.0,0.9241004914155099,1788984720.123963,1503.0,96.0,1181.4340682029724,1788984720.1240208,1646.0,96.0,831.9201886000004,1788984720.124081,1630.0,96.0,325.08447418599917,1788984720.124134,1719.0,96.0,280.81424005199915,1788984720.1241984,2027.0,96.0,44.27023413400002,1788984720.1242516,437.0,96.0,1363007.0,1788984720.1243124,1.0,109.0,5366954195.928939,109.0,19552490.0,5366954195.929008,109.0,132244.0,5366954195.929079,1150.0,109.0,1183.616043541,1788984720.2980843,217.0,109.0,1183.6160435410002,5366954195.929164,0.0
995503282245,1788985110426512466,17765.0,0.0,2067.0,1.0,17024446464.0,1846308864.0,1788984670.17,32.52,63.0,1048576.0,0.0,1788984720.1228452,0.0,1788984720.122876,0.0,1788984720.1228964,0.0,0.0,0.0,1.0,0.0,2618239.0,1788984720.123118,1255232.0,1788984720.1231363,1363007.0,1788984720.1231527,0.0,1788984720.1231701,0.0,1788984720.1231909,0.0,1788984720.12321,0.0,1788984720.1232266,2618239.0,1788984720.1232803,2618239.0,5366954160.369929,1255232.0,1788984720.1233325,1358.0,1788984720.12335,96.0,8944923600.616976,104.0,96.0,2618239.0,1788984720.1234593,1307.0,96.0,1358.0,1788984720.1235328,16299.0,1259.0,2619597.0,1788984720.1235816,1307.0,96.0,1358.0,1788984720.1236355,576.0,96.0,96.0,1788984720.1236787,1299.0,96.0,2340.0,1788984720.1237156,1073.0,96.0,1137.1824741363525,1788984720.123771,22734.0,1262.0,44.27023413400002,1788984720.1239083,1864.0,96.0,0.9241004914155099,1788984720.123963,1503.0,96.0,1181.4340682029724,1788984720.1240208,1646.0,96.0,831.9201886000004,1788984720.124081,1630.0,96.0,325.08447418599917,1788984720.124134,1719.0,96.0,280.81424005199915,1788984720.1241984,2027.0,96.0,44.27023413400002,1788984720.1242516,437.0,96.0,1363007.0,1788984720.1243124,1.0,109.0,5366954195.928939,109.0,19552490.0,5366954195.929008,109.0,132244.0,5366954195.929079,1150.0,109.0,1183.616043541,1788984720.2980843,217.0,109.0,1183.6160435410002,5366954195.929164,0.0
996014057683,1788985110937287974,17765.0,0.0,2067.0,1.0,17024446464.0,1846308864.0,1788984670.17,32.55,63.0,1048576.0,0.0,1788984720.1228452,0.0,1788984720.122876,0.0,1788984720.1228964,1.0,0.0,0.0,1.0,0.028320344884762094,2645546.0,1788984720.123118,1282496.0,1788984720.1231363,1363050.0,1788984720.1231527,0.0,1788984720.1231701,0.0,1788984720.1231909,0.0,1788984720.12321,0.0,1788984720.1232266,2645546.0,1788984720.1232803,2645546.0,5366954160.369929,1282496.0,1788984720.1233325,1370.0,1788984720.12335,96.0,8944923600.616976,104.0,96.0,2618239.0,1788984720.1234593,1307.0,96.0,1358.0,1788984720.1235328,16454.0,1271.0,2646916.0,1788984720.1235816,1307.0,96.0,1358.0,1788984720.1236355,576.0,96.0,96.0,1788984720.1236787,1299.0,96.0,2340.0,1788984720.1237156,1089.0,97.0,1137.2647449970245,1788984720.123771,22932.0,1273.0,44.64456028899997,1788984720.1239083,1864.0,96.0,0.9241004914155099,1788984720.123963,1503.0,96.0,1181.4340682029724,1788984720.1240208,1646.0,96.0,831.9201886000004,1788984720.124081,1630.0,96.0,325.08447418599917,1788984720.124134,1719.0,96.0,280.81424005199915,1788984720.1241984,2027.0,96.0,44.27023413400002,1788984720.1242516,437.0,96.0,1363007.0,1788984720.1243124,1.0,109.0,5366954195.928939,109.0,19552490.0,5366954195.929008,109.0,132244.0,5366954195.929079,1150.0,109.0,1183.616043541,1788984720.2980843,217.0,109.0,1183.6160435410002,5366954195.929164,0.028320344884762094
996523563794,1788985111446793925,17765.0,0.0,2067.0,1.0,17024446464.0,1846308864.0,1788984670.17,32.56,63.0,1048576.0,0.0,1788984720.1228452,0.0,1788984720.122876,0.0,1788984720.1228964,1.0,0.0,0.0,1.0,0.028336925882938124,2645546.0,1788984720.123118,1282496.0,1788984720.1231363,1363050.0,1788984720.1231527,0.0,1788984720.1231701,0.0,1788984720.1231909,0.0,1788984720.12321,0.0,1788984720.1232266,2645546.0,1788984720.1232803,2645546.0,5366954160.369929,1282496.0,1788984720.1233325,1385.0,1788984720.12335,96.0,8944923600.616976,104.0,96.0,2618239.0,1788984720.1234593,1307.0,96.0,1358.0,1788984720.1235328,16664.0,1286.0,2646931.0,1788984720.1235816,1307.0,96.0,1358.0,1788984720.1236355,576.0,96.0,96.0,1788984720.1236787,1299.0,96.0,2340.0,1788984720.1237156,1089.0,97.0,1137.2647449970245,1788984720.123771,23202.0,1288.0,45.16037562200006,1788984720.1239083,1864.0,96.0,0.9241004914155099,1788984720.123963,1503.0,96.0,1181.4340682029724,1788984720.1240208,1646.0,96.0,831.9201886000004,1788984720.124081,1630.0,96.0,325.08447418599917,1788984720.124134,1719.0,96.0,280.81424005199915,1788984720.1241984,2027.0,96.0,44.27023413400002,1788984720.1242516,437.0,96.0,1363007.0,1788984720.1243124,1.0,109.0,5366954195.928939,109.0,19552490.0,5366954195.929008,109.0,132244.0,5366954195.929079,1150.0,109.0,1183.616043541,1788984720.2980843,217.0,109.0,1183.6160435410002,5366954195.929164,0.028336925882938124
997033192636,1788985111956422867,17765.0,0.0,2067.0,1.0,17024446464.0,1846308864.0,1788984670.17,32.57,63.0,1048576.0,0.0,1788984720.1228452,0.0,1788984720.122876,0.0,1788984720.1228964,0.0,0.0,0.0,1.0,0.0,2645546.0,1788984720.123118,1282496.0,1788984720.1231363,1363050.0,1788984720.1231527,0.0,1788984720.1231701,0.0,1788984720.1231909,0.0,1788984720.12321,0.0,1788984720.1232266,2645546.0,1788984720.1232803,2645546.0,5366954160.369929,1282496.0,1788984720.1233325,1390.0,1788984720.12335,97.0,8944923600.616976,105.0,97.0,2645546.0,1788984720.1234593,1317.0,97.0,1390.0,1788984720.1235328,16734.0,1291.0,2646936.0,1788984720.1235816,1317.0,97.0,1390.0,1788984720.1236355,582.0,97.0,97.0,1788984720.1236787,1309.0,97.0,2372.0,1788984720.1237156,1089.0,97.0,1137.2647449970245,1788984720.123771,23294.0,1293.0,45.29532791999998,1788984720.1239083,1882.0,97.0,0.9571680328993795,1788984720.123963,1521.0,97.0,1182.5419034957886,1788984720.1240208,1668.0,97.0,831.9202039090004,1788984720.124081,1648.0,97.0,326.1828760749992,1788984720.124134,1741.0,97.0,280.8875481549992,1788984720.1241984,2045.0,97.0,45.29532791999998,1788984720.1242516,447.0,97.0,1363050.0,1788984720.1243124,1.0,110.0,5366954195.928939,110.0,19756161.0,5366954195.929008,110.0,132244.0,5366954195.929079,1163.0,110.0,1184.728708099,1788984720.2980843,218.0,110.0,1184.7287080990002,5366954195.929164,0.0
997542649815,1788985112465880016,17765.0,0.0,2067.0,1.0,17024446464.0,1846308864.0,1788984670.17,32.59,63.0,1048576.0,0.0,1788984720.1228452,0.0,1788984720.122876,0.0,1788984720.1228964,0.0,0.0,0.0,1.0,0.0,2645546.0,1788984720.123118,1282496.0,1788984720.1231363,1363050.0,1788984720.1231527,0.0,1788984720.1231701,0.0,1788984720.1231909,0.0,1788984720.12321,0.0,1788984720.1232266,2645546.0,1788984720.1232803,2645546.0,5366954160.369929,1282496.0,1788984720.1233325,1390.0,1788984720.12335,97.0,8944923600.616976,105.0,97.0,2645546.0,1788984720.1234593,1317.0,97.0,1390.0,1788984720.1235328,16734.0,1291.0,2646936.0,1788984720.1235816,1317.0,97.0,1390.0,1788984720.1236355,582.0,97.0,97.0,1788984720.1236787,1309.0,97.0,2372.0,1788984720.1237156,1089.0,97.0,1137.2647449970245,1788984720.123771,23294.0,1293.0,45.29532791999998,1788984720.1239083,1882.0,97.0,0.9571680328993795,1788984720.123963,1521.0,97.0,1182.5419034957886,1788984720.1240208,1668.0,97.0,831.9202039090004,1788984720.124081,1648.0,97.0,326.1828760749992,1788984720.124134,1741.0,97.0,280.8875481549992,1788984720.1241984,2045.0,97.0,45.29532791999998,1788984720.1242516,447.0,97.0,1363050.0,1788984720.1243124,1.0,110.0,5366954195.928939,110.0,19756161.0,5366954195.929008,110.0,132244.0,5366954195.929079,1163.0,110.0,1184.728708099,1788984720.2980843,218.0,110.0,1184.7287080990002,5366954195.929164,0.0
998051593930,1788985112974824040,17765.0,0.0,2067.0,1.0,17024446464.0,1846308864.0,1788984670.17,32.59,63.0,1048576.0,0.0,1788984720.1228452,0.0,1788984720.122876,0.0,1788984720.1228964,0.0,0.0,0.0,1.0,0.0,2645546.0,1788984720.123118,1282496.0,1788984720.1231363,1363050.0,1788984720.1231527,0.0,1788984720.1231701,0.0,1788984720.1231909,0.0,1788984720.12321,0.0,1788984720.1232266,2645546.0,1788984720.1232803,2645546.0,5366954160.369929,1282496.0,1788984720.1233325,1390.0,1788984720.12335,97.0,8944923600.616976,105.0,97.0,2645546.0,1788984720.1234593,1317.0,97.0,1390.0,1788984720.1235328,16734.0,1291.0,2646936.0,1788984720.1235816,1317.0,97.0,1390.0,1788984720.1236355,582.0,97.0,97.0,1788984720.1236787,1309.0,97.0,2372.0,1788984720.1237156,1089.0,97.0,1137.2647449970245,1788984720.123771,23294.0,1293.0,45.29532791999998,1788984720.1239083,1882.0,97.0,0.9571680328993795,1788984720.123963,1521.0,97.0,1182.5419034957886,1788984720.1240208,1668.0,97.0,831.9202039090004,1788984720.124081,1648.0,97.0,326.1828760749992,1788984720.124134,1741.0,97.0,280.8875481549992,1788984720.1241984,2045.0,97.0,45.29532791999998,1788984720.1242516,447.0,97.0,1363050.0,1788984720.1243124,1.0,110.0,5366954195.928939,110.0,19756161.0,5366954195.929008,110.0,132244.0,5366954195.929079,1163.0,110.0,1184.728708099,1788984720.2980843,218.0,110.0,1184.7287080990002,5366954195.929164,0.0
998561428889,1788985113484659080,17765.0,0.0,2067.0,1.0,17024446464.0,1846308864.0,1788984670.17,32.6,63.0,1048576.0,0.0,1788984720.1228452,0.0,1788984720.122876,0.0,1788984720.1228964,0.0,0.0,0.0,1.0,0.0,2645546.0,1788984720.123118,1282496.0,1788984720.1231363,1363050.0,1788984720.1231527,0.0,1788984720.1231701,0.0,1788984720.1231909,0.0,1788984720.12321,0.0,1788984720.1232266,2645546.0,1788984720.1232803,2645546.0,5366954160.369929,1282496.0,1788984720.1233325,1390.0,1788984720.12335,97.0,8944923600.616976,105.0,97.0,2645546.0,1788984720.1234593,1317.0,97.0,1390.0,1788984720.1235328,16734.0,1291.0,2646936.0,1788984720.1235816,1317.0,97.0,1390.0,1788984720.1236355,582.0,97.0,97.0,1788984720.1236787,1309.0,97.0,2372.0,1788984720.1237156,1089.0,97.0,1137.2647449970245,1788984720.123771,23294.0,1293.0,45.29532791999998,1788984720.1239083,1882.0,97.0,0.9571680328993795,1788984720.123963,1521.0,97.0,1182.5419034957886,1788984720.1240208,1668.0,97.0,831.9202039090004,1788984720.124081,1648.0,97.0,326.1828760749992,1788984720.124134,1741.0,97.0,280.8875481549992,1788984720.1241984,2045.0,97.0,45.29532791999998,1788984720.1242516,447.0,97.0,1363050.0,1788984720.1243124,1.0,110.0,5366954195.928939,110.0,19756161.0,5366954195.929008,110.0,132244.0,5366954195.929079,1163.0,110.0,1184.728708099,1788984720.2980843,218.0,110.0,1184.7287080990002,5366954195.929164,0.0
999070473352,1788985113993703583,17765.0,0.0,2067.0,1.0,17024446464.0,1846308864.0,1788984670.17,32.6,63.0,1048576.0,0.0,1788984720.1228452,0.0,1788984720.122876,0.0,1788984720.1228964,0.0,0.0,0.0,1.0,0.0,2645546.0,1788984720.123118,1282496.0,1788984720.1231363,1363050.0,1788984720.1231527,0.0,1788984720.1231701,0.0,1788984720.1231909,0.0,1788984720.12321,0.0,1788984720.1232266,2645546.0,1788984720.1232803,2645546.0,5366954160.369929,1282496.0,1788984720.1233325,1390.0,1788984720.12335,97.0,8944923600.616976,105.0,97.0,2645546.0,1788984720.1234593,1317.0,97.0,1390.0,1788984720.1235328,16734.0,1291.0,2646936.0,1788984720.1235816,1317.0,97.0,1390.0,1788984720.1236355,582.0,97.0,97.0,1788984720.1236787,1309.0,97.0,2372.0,1788984720.1237156,1089.0,97.0,1137.2647449970245,1788984720.123771,23294.0,1293.0,45.29532791999998,1788984720.1239083,1882.0,97.0,0.9571680328993795,1788984720.123963,1521.0,97.0,1182.5419034957886,1788984720.1240208,1668.0,97.0,831.9202039090004,1788984720.124081,1648.0,97.0,326.1828760749992,1788984720.124134,1741.0,97.0,280.8875481549992,1788984720.1241984,2045.0,97.0,45.29532791999998,1788984720.1242516,447.0,97.0,1363050.0,1788984720.1243124,1.0,110.0,5366954195.928939,110.0,19756161.0,5366954195.929008,110.0,132244.0,5366954195.929079,1163.0,110.0,1184.728708099,1788984720.2980843,218.0,110.0,1184.7287080990002,5366954195.929164,0.0
999579601793,1788985114502831924,17765.0,0.0,2067.0,1.0,17024446464.0,1846308864.0,1788984670.17,32.61,63.0,1048576.0,0.0,1788984720.1228452,0.0,1788984720.122876,0.0,1788984720.1228964,0.0,0.0,0.0,1.0,0.0,2645546.0,1788984720.123118,1282496.0,1788984720.1231363,1363050.0,1788984720.1231527,0.0,1788984720.1231701,0.0,1788984720.1231909,0.0,1788984720.12321,0.0,1788984720.1232266,2645546.0,1788984720.1232803,2645546.0,5366954160.369929,1282496.0,1788984720.1233325,1390.0,1788984720.12335,97.0,8944923600.616976,105.0,97.0,2645546.0,1788984720.1234593,1317.0,97.0,1390.0,1788984720.1235328,16734.0,1291.0,2646936.0,1788984720.1235816,1317.0,97.0,1390.0,1788984720.1236355,582.0,97.0,97.0,1788984720.1236787,1309.0,97.0,2372.0,1788984720.1237156,1089.0,97.0,1137.2647449970245,1788984720.123771,23294.0,1293.0,45.29532791999998,1788984720.1239083,1882.0,97.0,0.9571680328993795,1788984720.123963,1521.0,97.0,1182.5419034957886,1788984720.1240208,1668.0,97.0,831.9202039090004,1788984720.124081,1648.0,97.0,326.1828760749992,1788984720.124134,1741.0,97.0,280.8875481549992,1788984720.1241984,2045.0,97.0,45.29532791999998,1788984720.1242516,447.0,97.0,1363050.0,1788984720.1243124,1.0,110.0,5366954195.928939,110.0,19756161.0,5366954195.929008,110.0,132244.0,5366954195.929079,1163.0,110.0,1184.728708099,1788984720.2980843,218.0,110.0,1184.7287080990002,5366954195.929164,0.0
1000088164614,1788985115011394945,17765.0,0.0,2067.0,1.0,17024446464.0,1846308864.0,1788984670.17,32.620000000000005,63.0,1048576.0,0.0,1788984720.1228452,0.0,1788984720.122876,0.0,1788984720.1228964,0.0,0.0,0.0,1.0,0.0,2645546.0,1788984720.123118,1282496.0,1788984720.1231363,1363050.0,1788984720.1231527,0.0,1788984720.1231701,0.0,1788984720.1231909,0.0,1788984720.12321,0.0,1788984720.1232266,2645546.0,1788984720.1232803,2645546.0,5366954160.369929,1282496.0,1788984720.1233325,1390.0,1788984720.12335,97.0,8944923600.616976,105.0,97.0,2645546.0,1788984720.1234593,1317.0,97.0,1390.0,1788984720.1235328,16734.0,1291.0,2646936.0,1788984720.1235816,1317.0,97.0,1390.0,1788984720.1236355,582.0,97.0,97.0,1788984720.1236787,1309.0,97.0,2372.0,1788984720.1237156,1089.0,97.0,1137.2647449970245,1788984720.123771,23294.0,1293.0,45.29532791999998,1788984720.1239083,1882.0,97.0,0.9571680328993795,1788984720.123963,1521.0,97.0,1182.5419034957886,1788984720.1240208,1668.0,97.0,831.9202039090004,1788984720.124081,1648.0,97.0,326.1828760749992,1788984720.124134,1741.0,97.0,280.8875481549992,1788984720.1241984,2045.0,97.0,45.29532791999998,1788984720.1242516,447.0,97.0,1363050.0,1788984720.1243124,1.0,110.0,5366954195.928939,110.0,19756161.0,5366954195.929008,110.0,132244.0,5366954195.929079,1163.0,110.0,1184.728708099,1788984720.2980843,218.0,110.0,1184.7287080990002,5366954195.929164,0.0
1000600599855,1788985115523830307,17765.0,0.0,2067.0,1.0,17024446464.0,1846308864.0,1788984670.17,32.67,63.0,1048576.0,0.0,1788984720.1228452,0.0,1788984720.122876,0.0,1788984720.1228964,1.0,0.0,0.0,1.0,0.03316199635218042,2677529.0,1788984720.123118,1314032.0,1788984720.1231363,1363497.0,1788984720.1231527,0.0,1788984720.1231701,0.0,1788984720.1231909,0.0,1788984720.12321,0.0,1788984720.1232266,2677529.0,1788984720.1232803,2677529.0,5366954160.369929,1314032.0,1788984720.1233325,1403.0,1788984720.12335,97.0,8944923600.616976,105.0,97.0,2645546.0,1788984720.1234593,1317.0,97.0,1390.0,1788984720.1235328,16903.0,1304.0,2678932.0,1788984720.1235816,1317.0,97.0,1390.0,1788984720.1236355,582.0,97.0,97.0,1788984720.1236787,1309.0,97.0,2372.0,1788984720.1237156,1104.0,98.0,1137.3979613780975,1788984720.123771,23510.0,1305.0,45.71542668300003,1788984720.1239083,1882.0,97.0,0.9571680328993795,1788984720.123963,1521.0,97.0,1182.5419034957886,1788984720.1240208,1668.0,97.0,831.9202039090004,1788984720.124081,1648.0,97.0,326.1828760749992,1788984720.124134,1741.0,97.0,280.8875481549992,1788984720.1241984,2045.0,97.0,45.29532791999998,1788984720.1242516,447.0,97.0,1363050.0,1788984720.1243124,1.0,110.0,5366954195.928939,110.0,19756161.0,5366954195.929008,110.0,132244.0,5366954195.929079,1163.0,110.0,1184.728708099,1788984720.2980843,218.0,110.0,1184.7287080990002,5366954195.929164,0.03316199635218042
1001110570572,1788985116033800733,17765.0,0.0,2067.0,1.0,17024446464.0,1846308864.0,1788984670.17,32.68,63.0,1048576.0,0.0,1788984720.1228452,0.0,1788984720.122876,0.0,1788984720.1228964,1.0,0.0,0.0,1.0,0.03317857735035645,2677529.0,1788984720.123118,1314032.0,1788984720.1231363,1363497.0,1788984720.1231527,0.0,1788984720.1231701,0.0,1788984720.1231909,0.0,1788984720.12321,0.0,1788984720.1232266,2677529.0,1788984720.1232803,2677529.0,5366954160.369929,1314032.0,1788984720.1233325,1418.0,1788984720.12335,97.0,8944923600.616976,105.0,97.0,2645546.0,1788984720.1234593,1317.0,97.0,1390.0,1788984720.1235328,17113.0,1319.0,2678947.0,1788984720.1235816,1317.0,97.0,1390.0,1788984720.1236355,582.0,97.0,97.0,1788984720.1236787,1309.0,97.0,2372.0,1788984720.1237156,1104.0,98.0,1137.3979613780975,1788984720.123771,23780.0,1320.0,46.222883583,1788984720.1239083,1882.0,97.0,0.9571680328993795,1788984720.123963,1521.0,97.0,1182.5419034957886,1788984720.1240208,1668.0,97.0,831.9202039090004,1788984720.124081,1648.0,97.0,326.1828760749992,1788984720.124134,1741.0,97.0,280.8875481549992,1788984720.1241984,2045.0,97.0,45.29532791999998,1788984720.1242516,447.0,97.0,1363050.0,1788984720.1243124,1.0,110.0,5366954195.928939,110.0,19756161.0,5366954195.929008,110.0,132244.0,5366954195.929079,1163.0,110.0,1184.728708099,1788984720.2980843,218.0,110.0,1184.7287080990002,5366954195.929164,0.03317857735035645
1001620356862,1788985116543587073,17765.0,0.0,2067.0,1.0,17024446464.0,1846308864.0,1788984670.17,32.69,63.0,1048576.0,0.0,1788984720.1228452,0.0,1788984720.122876,0.0,1788984720.1228964,1.0,0.0,0.0,1.0,0.033195158348532594,2677529.0,1788984720.123118,1314032.0,1788984720.1231363,1363497.0,1788984720.1231527,0.0,1788984720.1231701,0.0,1788984720.1231909,0.0,1788984720.12321,0.0,1788984720.1232266,2677529.0,1788984720.1232803,2677529.0,5366954160.369929,1314032.0,1788984720.1233325,1434.0,1788984720.12335,97.0,8944923600.616976,105.0,97.0,2645546.0,1788984720.1234593,1317.0,97.0,1390.0,1788984720.1235328,17337.0,1335.0,2678963.0,1788984720.1235816,1317.0,97.0,1390.0,1788984720.1236355,582.0,97.0,97.0,1788984720.1236787,1309.0,97.0,2372.0,1788984720.1237156,1104.0,98.0,1137.3979613780975,1788984720.123771,24068.0,1336.0,46.75824230599994,1788984720.1239083,1882.0,97.0,0.9571680328993795,1788984720.123963,1521.0,97.0,1182.5419034957886,1788984720.1240208,1668.0,97.0,831.9202039090004,1788984720.124081,1648.0,97.0,326.1828760749992,1788984720.124134,1741.0,97.0,280.8875481549992,1788984720.1241984,2045.0,97.0,45.29532791999998,1788984720.1242516,447.0,97.0,1363050.0,1788984720.1243124,1.0,110.0,5366954195.928939,110.0,19756161.0,5366954195.929008,110.0,132244.0,5366954195.929079,1163.0,110.0,1184.728708099,1788984720.2980843,218.0,110.0,1184.7287080990002,5366954195.929164,0.033195158348532594
1002129738782,1788985117052968902,17765.0,0.0,2067.0,1.0,17024446464.0,1846308864.0,1788984670.17,32.7,63.0,1048576.0,0.0,1788984720.1228452,0.0,1788984720.122876,0.0,1788984720.1228964,1.0,0.0,0.0,1.0,0.033211739346708624,2677529.0,1788984720.123118,1314032.0,1788984720.1231363,1363497.0,1788984720.1231527,0.0,1788984720.1231701,0.0,1788984720.1231909,0.0,1788984720.12321,0.0,1788984720.1232266,2677529.0,1788984720.1232803,2677529.0,5366954160.369929,1314032.0,1788984720.1233325,1449.0,1788984720.12335,97.0,8944923600.616976,105.0,97.0,2645546.0,1788984720.1234593,1317.0,97.0,1390.0,1788984720.1235328,17547.0,1350.0,2678978.0,1788984720.1235816,1317.0,97.0,1390.0,1788984720.1236355,582.0,97.0,97.0,1788984720.1236787,1309.0,97.0,2372.0,1788984720.1237156,1104.0,98.0,1137.3979613780975,1788984720.123771,24338.0,1351.0,47.26555313100005,1788984720.1239083,1882.0,97.0,0.9571680328993795,1788984720.123963,1521.0,97.0,1182.5419034957886,1788984720.1240208,1668.0,97.0,831.9202039090004,1788984720.124081,1648.0,97.0,326.1828760749992,1788984720.124134,1741.0,97.0,280.8875481549992,1788984720.1241984,2045.0,97.0,45.29532791999998,1788984720.1242516,447.0,97.0,1363050.0,1788984720.1243124,1.0,110.0,5366954195.928939,110.0,19756161.0,5366954195.929008,110.0,132244.0,5366954195.929079,1163.0,110.0,1184.728708099,1788984720.2980843,218.0,110.0,1184.7287080990002,5366954195.929164,0.033211739346708624
1002638641901,1788985117561872072,17765.0,0.0,2067.0,1.0,17024446464.0,1846308864.0,1788984670.17,32.72,63.0,1048576.0,0.0,1788984720.1228452,0.0,1788984720.122876,0.0,1788984720.1228964,1.0,0.0,0.0,1.0,0.033228320344884765,2677529.0,1788984720.123118,1314032.0,1788984720.1231363,1363497.0,1788984720.1231527,0.0,1788984720.1231701,0.0,1788984720.1231909,0.0,1788984720.12321,0.0,1788984720.1232266,2677529.0,1788984720.1232803,2677529.0,5366954160.369929,1314032.0,1788984720.1233325,1464.0,1788984720.12335,97.0,8944923600.616976,105.0,97.0,2645546.0,1788984720.1234593,1317.0,97.0,1390.0,1788984720.1235328,17757.0,1365.0,2678993.0,1788984720.1235816,1317.0,97.0,1390.0,1788984720.1236355,582.0,97.0,97.0,1788984720.1236787,1309.0,97.0,2372.0,1788984720.1237156,1104.0,98.0,1137.3979613780975,1788984720.123771,24608.0,1366.0,47.76562819200001,1788984720.1239083,1882.0,97.0,0.9571680328993795,1788984720.123963,1521.0,97.0,1182.5419034957886,1788984720.1240208,1668.0,97.0,831.9202039090004,1788984720.124081,1648.0,97.0,326.1828760749992,1788984720.124134,1741.0,97.0,280.8875481549992,1788984720.1241984,2045.0,97.0,45.29532791999998,1788984720.1242516,447.0,97.0,1363050.0,1788984720.1243124,1.0,110.0,5366954195.928939,110.0,19756161.0,5366954195.929008,110.0,132244.0,5366954195.929079,1163.0,110.0,1184.728708099,1788984720.2980843,218.0,110.0,1184.7287080990002,5366954195.929164,0.033228320344884765
1003147915858,1788985118071146069,17765.0,0.0,2067.0,1.0,17024446464.0,1846308864.0,1788984670.17,32.73,63.0,1048576.0,0.0,1788984720.1228452,0.0,1788984720.122876,0.0,1788984720.1228964,1.0,0.0,0.0,1.0,0.033244901343060906,2677529.0,1788984720.123118,1314032.0,1788984720.1231363,1363497.0,1788984720.1231527,0.0,1788984720.1231701,0.0,1788984720.1231909,0.0,1788984720.12321,0.0,1788984720.1232266,2677529.0,1788984720.1232803,2677529.0,5366954160.369929,1314032.0,1788984720.1233325,1479.0,1788984720.12335,97.0,8944923600.616976,105.0,97.0,2645546.0,1788984720.1234593,1317.0,97.0,1390.0,1788984720.1235328,17967.0,1380.0,2679008.0,1788984720.1235816,1317.0,97.0,1390.0,1788984720.1236355,582.0,97.0,97.0,1788984720.1236787,1309.0,97.0,2372.0,1788984720.1237156,1104.0,98.0,1137.3979613780975,1788984720.123771,24878.0,1381.0,48.27153153100005,1788984720.1239083,1882.0,97.0,0.9571680328993795,1788984720.123963,1521.0,97.0,1182.5419034957886,1788984720.1240208,1668.0,97.0,831.9202039090004,1788984720.124081,1648.0,97.0,326.1828760749992,1788984720.124134,1741.0,97.0,280.8875481549992,1788984720.1241984,2045.0,97.0,45.29532791999998,1788984720.1242516,447.0,97.0,1363050.0,1788984720.1243124,1.0,110.0,5366954195.928939,110.0,19756161.0,5366954195.929008,110.0,132244.0,5366954195.929079,1163.0,110.0,1184.728708099,1788984720.2980843,218.0,110.0,1184.7287080990002,5366954195.929164,0.033244901343060906
1003656751370,1788985118579981571,17765.0,0.0,2067.0,1.0,17024446464.0,1846308864.0,1788984670.17,32.74,63.0,1048576.0,0.0,1788984720.1228452,0.0,1788984720.122876,0.0,1788984720.1228964,1.0,0.0,0.0,1.0,0.033261482341236936,2677529.0,1788984720.123118,1314032.0,1788984720.1231363,1363497.0,1788984720.1231527,0.0,1788984720.1231701,0.0,1788984720.1231909,0.0,1788984720.12321,0.0,1788984720.1232266,2677529.0,1788984720.1232803,2677529.0,5366954160.369929,1314032.0,1788984720.1233325,1494.0,1788984720.12335,97.0,8944923600.616976,105.0,97.0,2645546.0,1788984720.1234593,1317.0,97.0,1390.0,1788984720.1235328,18177.0,1395.0,2679023.0,1788984720.1235816,1317.0,97.0,1390.0,1788984720.1236355,582.0,97.0,97.0,1788984720.1236787,1309.0,97.0,2372.0,1788984720.1237156,1104.0,98.0,1137.3979613780975,1788984720.123771,25148.0,1396.0,48.77494175300001,1788984720.1239083,1882.0,97.0,0.9571680328993795,1788984720.123963,1521.0,97.0,1182.5419034957886,1788984720.1240208,1668.0,97.0,831.9202039090004,1788984720.124081,1648.0,97.0,326.1828760749992,1788984720.124134,1741.0,97.0,280.8875481549992,1788984720.1241984,2045.0,97.0,45.29532791999998,1788984720.1242516,447.0,97.0,1363050.0,1788984720.1243124,1.0,110.0,5366954195.928939,110.0,19756161.0,5366954195.929008,110.0,132244.0,5366954195.929079,1163.0,110.0,1184.728708099,1788984720.2980843,218.0,110.0,1184.7287080990002,5366954195.929164,0.033261482341236936
1004167477597,1788985119090707818,17765.0,0.0,2067.0,1.0,17024446464.0,1846308864.0,1788984670.17,32.76,63.0,1048576.0,0.0,1788984720.1228452,0.0,1788984720.122876,0.0,1788984720.1228964,0.0,0.0,0.0,1.0,0.0,2677529.0,1788984720.123118,1314032.0,1788984720.1231363,1363497.0,1788984720.1231527,0.0,1788984720.1231701,0.0,1788984720.1231909,0.0,1788984720.12321,0.0,1788984720.1232266,2677529.0,1788984720.1232803,2677529.0,5366954160.369929,1314032.0,1788984720.1233325,1508.0,1788984720.12335,98.0,8944923600.616976,106.0,98.0,2677529.0,1788984720.1234593,1325.0,98.0,1508.0,1788984720.1235328,18373.0,1409.0,2679037.0,1788984720.1235816,1325.0,98.0,1508.0,1788984720.1236355,588.0,98.0,98.0,1788984720.1236787,1317.0,98.0,2490.0,1788984720.1237156,1104.0,98.0,1137.3979613780975,1788984720.123771,25402.0,1410.0,49.21898103000001,1788984720.1239083,1900.0,98.0,0.9907035295660465,1788984720.123963,1536.0,98.0,1186.5982329845428,1788984720.1240208,1690.0,98.0,831.9202212610004,1788984720.124081,1663.0,98.0,330.2291167939992,1788984720.124134,1763.0,98.0,281.0101357639992,1788984720.1241984,2060.0,98.0,49.21898103000001,1788984720.1242516,454.0,98.0,1363497.0,1788984720.1243124,1.0,111.0,5366954195.928939,111.0,19994357.0,5366954195.929008,111.0,132244.0,5366954195.929079,1170.0,111.0,1188.790102961,1788984720.2980843,219.0,111.0,1188.7901029610002,5366954195.929164,0.0
